Series ID,Year,Period,Label,Value,1-Month Net Change,1-Month % Change
JTU230000000000000HIL,2006,M01,2006 Jan,453,153,51.0
JTU230000000000000HIL,2006,M02,2006 Feb,387,-66,-14.6
JTU230000000000000HIL,2006,M03,2006 Mar,502,115,29.7
JTU230000000000000HIL,2006,M04,2006 Apr,646,144,28.7
JTU230000000000000HIL,2006,M05,2006 May,629,-17,-2.6
JTU230000000000000HIL,2006,M06,2006 Jun,540,-89,-14.1
JTU230000000000000HIL,2006,M07,2006 Jul,541,1,0.2
JTU230000000000000HIL,2006,M08,2006 Aug,418,-123,-22.7
JTU230000000000000HIL,2006,M09,2006 Sep,404,-14,-3.3
JTU230000000000000HIL,2006,M10,2006 Oct,426,22,5.4
JTU230000000000000HIL,2006,M11,2006 Nov,351,-75,-17.6
JTU230000000000000HIL,2006,M12,2006 Dec,269,-82,-23.4
JTU230000000000000HIL,2007,M01,2007 Jan,389,120,44.6
JTU230000000000000HIL,2007,M02,2007 Feb,262,-127,-32.6
JTU230000000000000HIL,2007,M03,2007 Mar,507,245,93.5
JTU230000000000000HIL,2007,M04,2007 Apr,566,59,11.6
JTU230000000000000HIL,2007,M05,2007 May,523,-43,-7.6
JTU230000000000000HIL,2007,M06,2007 Jun,527,4,0.8
JTU230000000000000HIL,2007,M07,2007 Jul,483,-44,-8.3
JTU230000000000000HIL,2007,M08,2007 Aug,421,-62,-12.8
JTU230000000000000HIL,2007,M09,2007 Sep,389,-32,-7.6
JTU230000000000000HIL,2007,M10,2007 Oct,410,21,5.4
JTU230000000000000HIL,2007,M11,2007 Nov,281,-129,-31.5
JTU230000000000000HIL,2007,M12,2007 Dec,227,-54,-19.2
JTU230000000000000HIL,2008,M01,2008 Jan,337,110,48.5
JTU230000000000000HIL,2008,M02,2008 Feb,315,-22,-6.5
JTU230000000000000HIL,2008,M03,2008 Mar,400,85,27.0
JTU230000000000000HIL,2008,M04,2008 Apr,548,148,37.0
JTU230000000000000HIL,2008,M05,2008 May,456,-92,-16.8
JTU230000000000000HIL,2008,M06,2008 Jun,456,0,0.0
JTU230000000000000HIL,2008,M07,2008 Jul,459,3,0.7
JTU230000000000000HIL,2008,M08,2008 Aug,398,-61,-13.3
JTU230000000000000HIL,2008,M09,2008 Sep,317,-81,-20.4
JTU230000000000000HIL,2008,M10,2008 Oct,396,79,24.9
JTU230000000000000HIL,2008,M11,2008 Nov,268,-128,-32.3
JTU230000000000000HIL,2008,M12,2008 Dec,204,-64,-23.9
JTU230000000000000HIL,2009,M01,2009 Jan,325,121,59.3
JTU230000000000000HIL,2009,M02,2009 Feb,284,-41,-12.6
JTU230000000000000HIL,2009,M03,2009 Mar,332,48,16.9
JTU230000000000000HIL,2009,M04,2009 Apr,448,116,34.9
JTU230000000000000HIL,2009,M05,2009 May,409,-39,-8.7
JTU230000000000000HIL,2009,M06,2009 Jun,333,-76,-18.6
JTU230000000000000HIL,2009,M07,2009 Jul,383,50,15.0
JTU230000000000000HIL,2009,M08,2009 Aug,260,-123,-32.1
JTU230000000000000HIL,2009,M09,2009 Sep,304,44,16.9
JTU230000000000000HIL,2009,M10,2009 Oct,316,12,3.9
JTU230000000000000HIL,2009,M11,2009 Nov,239,-77,-24.4
JTU230000000000000HIL,2009,M12,2009 Dec,198,-41,-17.2
JTU230000000000000HIL,2010,M01,2010 Jan,271,73,36.9
JTU230000000000000HIL,2010,M02,2010 Feb,236,-35,-12.9
JTU230000000000000HIL,2010,M03,2010 Mar,419,183,77.5
JTU230000000000000HIL,2010,M04,2010 Apr,487,68,16.2
JTU230000000000000HIL,2010,M05,2010 May,388,-99,-20.3
JTU230000000000000HIL,2010,M06,2010 Jun,335,-53,-13.7
JTU230000000000000HIL,2010,M07,2010 Jul,400,65,19.4
JTU230000000000000HIL,2010,M08,2010 Aug,334,-66,-16.5
JTU230000000000000HIL,2010,M09,2010 Sep,301,-33,-9.9
JTU230000000000000HIL,2010,M10,2010 Oct,357,56,18.6
JTU230000000000000HIL,2010,M11,2010 Nov,254,-103,-28.9
JTU230000000000000HIL,2010,M12,2010 Dec,213,-41,-16.1
JTU230000000000000HIL,2011,M01,2011 Jan,250,37,17.4
JTU230000000000000HIL,2011,M02,2011 Feb,290,40,16.0
JTU230000000000000HIL,2011,M03,2011 Mar,379,89,30.7
JTU230000000000000HIL,2011,M04,2011 Apr,504,125,33.0
JTU230000000000000HIL,2011,M05,2011 May,497,-7,-1.4
JTU230000000000000HIL,2011,M06,2011 Jun,476,-21,-4.2
JTU230000000000000HIL,2011,M07,2011 Jul,402,-74,-15.5
JTU230000000000000HIL,2011,M08,2011 Aug,336,-66,-16.4
JTU230000000000000HIL,2011,M09,2011 Sep,361,25,7.4
JTU230000000000000HIL,2011,M10,2011 Oct,331,-30,-8.3
JTU230000000000000HIL,2011,M11,2011 Nov,241,-90,-27.2
JTU230000000000000HIL,2011,M12,2011 Dec,179,-62,-25.7
JTU230000000000000HIL,2012,M01,2012 Jan,298,119,66.5
JTU230000000000000HIL,2012,M02,2012 Feb,291,-7,-2.3
JTU230000000000000HIL,2012,M03,2012 Mar,315,24,8.2
JTU230000000000000HIL,2012,M04,2012 Apr,380,65,20.6
JTU230000000000000HIL,2012,M05,2012 May,412,32,8.4
JTU230000000000000HIL,2012,M06,2012 Jun,427,15,3.6
JTU230000000000000HIL,2012,M07,2012 Jul,439,12,2.8
JTU230000000000000HIL,2012,M08,2012 Aug,333,-106,-24.1
JTU230000000000000HIL,2012,M09,2012 Sep,348,15,4.5
JTU230000000000000HIL,2012,M10,2012 Oct,317,-31,-8.9
JTU230000000000000HIL,2012,M11,2012 Nov,291,-26,-8.2
JTU230000000000000HIL,2012,M12,2012 Dec,176,-115,-39.5
JTU230000000000000HIL,2013,M01,2013 Jan,304,128,72.7
JTU230000000000000HIL,2013,M02,2013 Feb,321,17,5.6
JTU230000000000000HIL,2013,M03,2013 Mar,353,32,10.0
JTU230000000000000HIL,2013,M04,2013 Apr,402,49,13.9
JTU230000000000000HIL,2013,M05,2013 May,433,31,7.7
JTU230000000000000HIL,2013,M06,2013 Jun,407,-26,-6.0
JTU230000000000000HIL,2013,M07,2013 Jul,363,-44,-10.8
JTU230000000000000HIL,2013,M08,2013 Aug,298,-65,-17.9
JTU230000000000000HIL,2013,M09,2013 Sep,303,5,1.7
JTU230000000000000HIL,2013,M10,2013 Oct,368,65,21.5
JTU230000000000000HIL,2013,M11,2013 Nov,233,-135,-36.7
JTU230000000000000HIL,2013,M12,2013 Dec,148,-85,-36.5
JTU230000000000000HIL,2014,M01,2014 Jan,259,111,75.0
JTU230000000000000HIL,2014,M02,2014 Feb,240,-19,-7.3
JTU230000000000000HIL,2014,M03,2014 Mar,268,28,11.7
JTU230000000000000HIL,2014,M04,2014 Apr,406,138,51.5
JTU230000000000000HIL,2014,M05,2014 May,412,6,1.5
JTU230000000000000HIL,2014,M06,2014 Jun,341,-71,-17.2
JTU230000000000000HIL,2014,M07,2014 Jul,394,53,15.5
JTU230000000000000HIL,2014,M08,2014 Aug,334,-60,-15.2
JTU230000000000000HIL,2014,M09,2014 Sep,282,-52,-15.6
JTU230000000000000HIL,2014,M10,2014 Oct,322,40,14.2
JTU230000000000000HIL,2014,M11,2014 Nov,241,-81,-25.2
JTU230000000000000HIL,2014,M12,2014 Dec,217,-24,-10.0
JTU230000000000000HIL,2015,M01,2015 Jan,318,101,46.5
JTU230000000000000HIL,2015,M02,2015 Feb,291,-27,-8.5
JTU230000000000000HIL,2015,M03,2015 Mar,310,19,6.5
JTU230000000000000HIL,2015,M04,2015 Apr,465,155,50.0
JTU230000000000000HIL,2015,M05,2015 May,399,-66,-14.2
JTU230000000000000HIL,2015,M06,2015 Jun,415,16,4.0
JTU230000000000000HIL,2015,M07,2015 Jul,359,-56,-13.5
JTU230000000000000HIL,2015,M08,2015 Aug,321,-38,-10.6
JTU230000000000000HIL,2015,M09,2015 Sep,325,4,1.2
JTU230000000000000HIL,2015,M10,2015 Oct,332,7,2.2
JTU230000000000000HIL,2015,M11,2015 Nov,265,-67,-20.2
JTU230000000000000HIL,2015,M12,2015 Dec,182,-83,-31.3
JTU230000000000000HIL,2016,M01,2016 Jan,267,85,46.7
JTU230000000000000HIL,2016,M02,2016 Feb,298,31,11.6
JTU230000000000000HIL,2016,M03,2016 Mar,345,47,15.8
JTU230000000000000HIL,2016,M04,2016 Apr,489,144,41.7
JTU230000000000000HIL,2016,M05,2016 May,412,-77,-15.7
JTU230000000000000HIL,2016,M06,2016 Jun,340,-72,-17.5
JTU230000000000000HIL,2016,M07,2016 Jul,401,61,17.9
JTU230000000000000HIL,2016,M08,2016 Aug,336,-65,-16.2
JTU230000000000000HIL,2016,M09,2016 Sep,307,-29,-8.6
JTU230000000000000HIL,2016,M10,2016 Oct,355,48,15.6
JTU230000000000000HIL,2016,M11,2016 Nov,263,-92,-25.9
JTU230000000000000HIL,2016,M12,2016 Dec,246,-17,-6.5
JTU230000000000000HIL,2017,M01,2017 Jan,363,117,47.6
JTU230000000000000HIL,2017,M02,2017 Feb,318,-45,-12.4
JTU230000000000000HIL,2017,M03,2017 Mar,376,58,18.2
JTU230000000000000HIL,2017,M04,2017 Apr,539,163,43.4
JTU230000000000000HIL,2017,M05,2017 May,501,-38,-7.1
JTU230000000000000HIL,2017,M06,2017 Jun,453,-48,-9.6
JTU230000000000000HIL,2017,M07,2017 Jul,423,-30,-6.6
JTU230000000000000HIL,2017,M08,2017 Aug,388,-35,-8.3
JTU230000000000000HIL,2017,M09,2017 Sep,385,-3,-0.8
JTU230000000000000HIL,2017,M10,2017 Oct,396,11,2.9
JTU230000000000000HIL,2017,M11,2017 Nov,275,-121,-30.6
JTU230000000000000HIL,2017,M12,2017 Dec,180,-95,-34.5
JTU230000000000000HIL,2018,M01,2018 Jan,320,140,77.8
JTU230000000000000HIL,2018,M02,2018 Feb,345,25,7.8
JTU230000000000000HIL,2018,M03,2018 Mar,355,10,2.9
JTU230000000000000HIL,2018,M04,2018 Apr,502,147,41.4
JTU230000000000000HIL,2018,M05,2018 May,510,8,1.6
JTU230000000000000HIL,2018,M06,2018 Jun,448,-62,-12.2
JTU230000000000000HIL,2018,M07,2018 Jul,438,-10,-2.2
JTU230000000000000HIL,2018,M08,2018 Aug,379,-59,-13.5
JTU230000000000000HIL,2018,M09,2018 Sep,365,-14,-3.7
JTU230000000000000HIL,2018,M10,2018 Oct,355,-10,-2.7
JTU230000000000000HIL,2018,M11,2018 Nov,300,-55,-15.5
JTU230000000000000HIL,2018,M12,2018 Dec,215,-85,-28.3
JTU230000000000000HIL,2019,M01,2019 Jan,395,180,83.7
JTU230000000000000HIL,2019,M02,2019 Feb,304,-91,-23.0
JTU230000000000000HIL,2019,M03,2019 Mar,352,48,15.8
JTU230000000000000HIL,2019,M04,2019 Apr,598,246,69.9
JTU230000000000000HIL,2019,M05,2019 May,494,-104,-17.4
JTU230000000000000HIL,2019,M06,2019 Jun,510,16,3.2
JTU230000000000000HIL,2019,M07,2019 Jul,427,-83,-16.3
JTU230000000000000HIL,2019,M08,2019 Aug,407,-20,-4.7
JTU230000000000000HIL,2019,M09,2019 Sep,436,29,7.1
JTU230000000000000HIL,2019,M10,2019 Oct,488,52,11.9
JTU230000000000000HIL,2019,M11,2019 Nov,322,-166,-34.0
JTU230000000000000HIL,2019,M12,2019 Dec,261,-61,-18.9
JTU230000000000000HIL,2020,M01,2020 Jan,378,117,44.8
JTU230000000000000HIL,2020,M02,2020 Feb,322,-56,-14.8
JTU230000000000000HIL,2020,M03,2020 Mar,384,62,19.3
JTU230000000000000HIL,2020,M04,2020 Apr,335,-49,-12.8
JTU230000000000000HIL,2020,M05,2020 May,816,481,143.6
JTU230000000000000HIL,2020,M06,2020 Jun,593,-223,-27.3
JTU230000000000000HIL,2020,M07,2020 Jul,437,-156,-26.3
JTU230000000000000HIL,2020,M08,2020 Aug,390,-47,-10.8
JTU230000000000000HIL,2020,M09,2020 Sep,382,-8,-2.1
JTU230000000000000HIL,2020,M10,2020 Oct,403,21,5.5
JTU230000000000000HIL,2020,M11,2020 Nov,294,-109,-27.0
JTU230000000000000HIL,2020,M12,2020 Dec,250,-44,-15.0
JTU230000000000000HIL,2021,M01,2021 Jan,306,56,22.4
JTU230000000000000HIL,2021,M02,2021 Feb,317,11,3.6
JTU230000000000000HIL,2021,M03,2021 Mar,422,105,33.1
JTU230000000000000HIL,2021,M04,2021 Apr,441,19,4.5
JTU230000000000000HIL,2021,M05,2021 May,384,-57,-12.9
JTU230000000000000HIL,2021,M06,2021 Jun,424,40,10.4
JTU230000000000000HIL,2021,M07,2021 Jul,410,-14,-3.3
JTU230000000000000HIL,2021,M08,2021 Aug,374,-36,-8.8
JTU230000000000000HIL,2021,M09,2021 Sep,339,-35,-9.4
JTU230000000000000HIL,2021,M10,2021 Oct,383,44,13.0
JTU230000000000000HIL,2021,M11,2021 Nov,336,-47,-12.3
JTU230000000000000HIL,2021,M12,2021 Dec,221,-115,-34.2
JTU230000000000000HIL,2022,M01,2022 Jan,284,63,28.5
JTU230000000000000HIL,2022,M02,2022 Feb,352,68,23.9
JTU230000000000000HIL,2022,M03,2022 Mar,393,41,11.6
JTU230000000000000HIL,2022,M04,2022 Apr,448,55,14.0
JTU230000000000000HIL,2022,M05,2022 May,437,-11,-2.5
JTU230000000000000HIL,2022,M06,2022 Jun,412,-25,-5.7
