Series ID,Year,Period,Label,Value,1-Month Net Change,1-Month % Change
JTU600000000000000TSL,2006,M01,2006 Jan,482,68,16.4
JTU600000000000000TSL,2006,M02,2006 Feb,363,-119,-24.7
JTU600000000000000TSL,2006,M03,2006 Mar,407,44,12.1
JTU600000000000000TSL,2006,M04,2006 Apr,497,90,22.1
JTU600000000000000TSL,2006,M05,2006 May,556,59,11.9
JTU600000000000000TSL,2006,M06,2006 Jun,601,45,8.1
JTU600000000000000TSL,2006,M07,2006 Jul,644,43,7.2
JTU600000000000000TSL,2006,M08,2006 Aug,616,-28,-4.3
JTU600000000000000TSL,2006,M09,2006 Sep,485,-131,-21.3
JTU600000000000000TSL,2006,M10,2006 Oct,482,-3,-0.6
JTU600000000000000TSL,2006,M11,2006 Nov,383,-99,-20.5
JTU600000000000000TSL,2006,M12,2006 Dec,429,46,12.0
JTU600000000000000TSL,2007,M01,2007 Jan,533,104,24.2
JTU600000000000000TSL,2007,M02,2007 Feb,391,-142,-26.6
JTU600000000000000TSL,2007,M03,2007 Mar,442,51,13.0
JTU600000000000000TSL,2007,M04,2007 Apr,474,32,7.2
JTU600000000000000TSL,2007,M05,2007 May,545,71,15.0
JTU600000000000000TSL,2007,M06,2007 Jun,610,65,11.9
JTU600000000000000TSL,2007,M07,2007 Jul,613,3,0.5
JTU600000000000000TSL,2007,M08,2007 Aug,627,14,2.3
JTU600000000000000TSL,2007,M09,2007 Sep,481,-146,-23.3
JTU600000000000000TSL,2007,M10,2007 Oct,485,4,0.8
JTU600000000000000TSL,2007,M11,2007 Nov,410,-75,-15.5
JTU600000000000000TSL,2007,M12,2007 Dec,392,-18,-4.4
JTU600000000000000TSL,2008,M01,2008 Jan,547,155,39.5
JTU600000000000000TSL,2008,M02,2008 Feb,430,-117,-21.4
JTU600000000000000TSL,2008,M03,2008 Mar,458,28,6.5
JTU600000000000000TSL,2008,M04,2008 Apr,503,45,9.8
JTU600000000000000TSL,2008,M05,2008 May,518,15,3.0
JTU600000000000000TSL,2008,M06,2008 Jun,581,63,12.2
JTU600000000000000TSL,2008,M07,2008 Jul,608,27,4.6
JTU600000000000000TSL,2008,M08,2008 Aug,626,18,3.0
JTU600000000000000TSL,2008,M09,2008 Sep,496,-130,-20.8
JTU600000000000000TSL,2008,M10,2008 Oct,481,-15,-3.0
JTU600000000000000TSL,2008,M11,2008 Nov,357,-124,-25.8
JTU600000000000000TSL,2008,M12,2008 Dec,413,56,15.7
JTU600000000000000TSL,2009,M01,2009 Jan,512,99,24.0
JTU600000000000000TSL,2009,M02,2009 Feb,405,-107,-20.9
JTU600000000000000TSL,2009,M03,2009 Mar,419,14,3.5
JTU600000000000000TSL,2009,M04,2009 Apr,465,46,11.0
JTU600000000000000TSL,2009,M05,2009 May,428,-37,-8.0
JTU600000000000000TSL,2009,M06,2009 Jun,578,150,35.0
JTU600000000000000TSL,2009,M07,2009 Jul,618,40,6.9
JTU600000000000000TSL,2009,M08,2009 Aug,624,6,1.0
JTU600000000000000TSL,2009,M09,2009 Sep,504,-120,-19.2
JTU600000000000000TSL,2009,M10,2009 Oct,436,-68,-13.5
JTU600000000000000TSL,2009,M11,2009 Nov,363,-73,-16.7
JTU600000000000000TSL,2009,M12,2009 Dec,404,41,11.3
JTU600000000000000TSL,2010,M01,2010 Jan,464,60,14.9
JTU600000000000000TSL,2010,M02,2010 Feb,366,-98,-21.1
JTU600000000000000TSL,2010,M03,2010 Mar,391,25,6.8
JTU600000000000000TSL,2010,M04,2010 Apr,453,62,15.9
JTU600000000000000TSL,2010,M05,2010 May,436,-17,-3.8
JTU600000000000000TSL,2010,M06,2010 Jun,596,160,36.7
JTU600000000000000TSL,2010,M07,2010 Jul,625,29,4.9
JTU600000000000000TSL,2010,M08,2010 Aug,573,-52,-8.3
JTU600000000000000TSL,2010,M09,2010 Sep,512,-61,-10.6
JTU600000000000000TSL,2010,M10,2010 Oct,404,-108,-21.1
JTU600000000000000TSL,2010,M11,2010 Nov,372,-32,-7.9
JTU600000000000000TSL,2010,M12,2010 Dec,419,47,12.6
JTU600000000000000TSL,2011,M01,2011 Jan,461,42,10.0
JTU600000000000000TSL,2011,M02,2011 Feb,367,-94,-20.4
JTU600000000000000TSL,2011,M03,2011 Mar,379,12,3.3
JTU600000000000000TSL,2011,M04,2011 Apr,430,51,13.5
JTU600000000000000TSL,2011,M05,2011 May,466,36,8.4
JTU600000000000000TSL,2011,M06,2011 Jun,596,130,27.9
JTU600000000000000TSL,2011,M07,2011 Jul,557,-39,-6.5
JTU600000000000000TSL,2011,M08,2011 Aug,617,60,10.8
JTU600000000000000TSL,2011,M09,2011 Sep,446,-171,-27.7
JTU600000000000000TSL,2011,M10,2011 Oct,421,-25,-5.6
JTU600000000000000TSL,2011,M11,2011 Nov,371,-50,-11.9
JTU600000000000000TSL,2011,M12,2011 Dec,407,36,9.7
JTU600000000000000TSL,2012,M01,2012 Jan,523,116,28.5
JTU600000000000000TSL,2012,M02,2012 Feb,392,-131,-25.0
JTU600000000000000TSL,2012,M03,2012 Mar,419,27,6.9
JTU600000000000000TSL,2012,M04,2012 Apr,469,50,11.9
JTU600000000000000TSL,2012,M05,2012 May,525,56,11.9
JTU600000000000000TSL,2012,M06,2012 Jun,672,147,28.0
JTU600000000000000TSL,2012,M07,2012 Jul,576,-96,-14.3
JTU600000000000000TSL,2012,M08,2012 Aug,635,59,10.2
JTU600000000000000TSL,2012,M09,2012 Sep,461,-174,-27.4
JTU600000000000000TSL,2012,M10,2012 Oct,451,-10,-2.2
JTU600000000000000TSL,2012,M11,2012 Nov,389,-62,-13.7
JTU600000000000000TSL,2012,M12,2012 Dec,403,14,3.6
JTU600000000000000TSL,2013,M01,2013 Jan,554,151,37.5
JTU600000000000000TSL,2013,M02,2013 Feb,408,-146,-26.4
JTU600000000000000TSL,2013,M03,2013 Mar,426,18,4.4
JTU600000000000000TSL,2013,M04,2013 Apr,516,90,21.1
JTU600000000000000TSL,2013,M05,2013 May,585,69,13.4
JTU600000000000000TSL,2013,M06,2013 Jun,614,29,5.0
JTU600000000000000TSL,2013,M07,2013 Jul,652,38,6.2
JTU600000000000000TSL,2013,M08,2013 Aug,663,11,1.7
JTU600000000000000TSL,2013,M09,2013 Sep,556,-107,-16.1
JTU600000000000000TSL,2013,M10,2013 Oct,475,-81,-14.6
JTU600000000000000TSL,2013,M11,2013 Nov,377,-98,-20.6
JTU600000000000000TSL,2013,M12,2013 Dec,457,80,21.2
JTU600000000000000TSL,2014,M01,2014 Jan,567,110,24.1
JTU600000000000000TSL,2014,M02,2014 Feb,403,-164,-28.9
JTU600000000000000TSL,2014,M03,2014 Mar,462,59,14.6
JTU600000000000000TSL,2014,M04,2014 Apr,548,86,18.6
JTU600000000000000TSL,2014,M05,2014 May,533,-15,-2.7
JTU600000000000000TSL,2014,M06,2014 Jun,631,98,18.4
JTU600000000000000TSL,2014,M07,2014 Jul,642,11,1.7
JTU600000000000000TSL,2014,M08,2014 Aug,615,-27,-4.2
JTU600000000000000TSL,2014,M09,2014 Sep,605,-10,-1.6
JTU600000000000000TSL,2014,M10,2014 Oct,544,-61,-10.1
JTU600000000000000TSL,2014,M11,2014 Nov,400,-144,-26.5
JTU600000000000000TSL,2014,M12,2014 Dec,473,73,18.3
JTU600000000000000TSL,2015,M01,2015 Jan,575,102,21.6
JTU600000000000000TSL,2015,M02,2015 Feb,460,-115,-20.0
JTU600000000000000TSL,2015,M03,2015 Mar,500,40,8.7
JTU600000000000000TSL,2015,M04,2015 Apr,522,22,4.4
JTU600000000000000TSL,2015,M05,2015 May,588,66,12.6
JTU600000000000000TSL,2015,M06,2015 Jun,684,96,16.3
JTU600000000000000TSL,2015,M07,2015 Jul,684,0,0.0
JTU600000000000000TSL,2015,M08,2015 Aug,712,28,4.1
JTU600000000000000TSL,2015,M09,2015 Sep,595,-117,-16.4
JTU600000000000000TSL,2015,M10,2015 Oct,562,-33,-5.5
JTU600000000000000TSL,2015,M11,2015 Nov,477,-85,-15.1
JTU600000000000000TSL,2015,M12,2015 Dec,513,36,7.5
JTU600000000000000TSL,2016,M01,2016 Jan,613,100,19.5
JTU600000000000000TSL,2016,M02,2016 Feb,462,-151,-24.6
JTU600000000000000TSL,2016,M03,2016 Mar,515,53,11.5
JTU600000000000000TSL,2016,M04,2016 Apr,561,46,8.9
JTU600000000000000TSL,2016,M05,2016 May,618,57,10.2
JTU600000000000000TSL,2016,M06,2016 Jun,744,126,20.4
JTU600000000000000TSL,2016,M07,2016 Jul,709,-35,-4.7
JTU600000000000000TSL,2016,M08,2016 Aug,732,23,3.2
JTU600000000000000TSL,2016,M09,2016 Sep,581,-151,-20.6
JTU600000000000000TSL,2016,M10,2016 Oct,574,-7,-1.2
JTU600000000000000TSL,2016,M11,2016 Nov,485,-89,-15.5
JTU600000000000000TSL,2016,M12,2016 Dec,510,25,5.2
JTU600000000000000TSL,2017,M01,2017 Jan,658,148,29.0
JTU600000000000000TSL,2017,M02,2017 Feb,451,-207,-31.5
JTU600000000000000TSL,2017,M03,2017 Mar,573,122,27.1
JTU600000000000000TSL,2017,M04,2017 Apr,587,14,2.4
JTU600000000000000TSL,2017,M05,2017 May,665,78,13.3
JTU600000000000000TSL,2017,M06,2017 Jun,777,112,16.8
JTU600000000000000TSL,2017,M07,2017 Jul,729,-48,-6.2
JTU600000000000000TSL,2017,M08,2017 Aug,804,75,10.3
JTU600000000000000TSL,2017,M09,2017 Sep,603,-201,-25.0
JTU600000000000000TSL,2017,M10,2017 Oct,640,37,6.1
JTU600000000000000TSL,2017,M11,2017 Nov,516,-124,-19.4
JTU600000000000000TSL,2017,M12,2017 Dec,558,42,8.1
JTU600000000000000TSL,2018,M01,2018 Jan,664,106,19.0
JTU600000000000000TSL,2018,M02,2018 Feb,500,-164,-24.7
JTU600000000000000TSL,2018,M03,2018 Mar,615,115,23.0
JTU600000000000000TSL,2018,M04,2018 Apr,622,7,1.1
JTU600000000000000TSL,2018,M05,2018 May,714,92,14.8
JTU600000000000000TSL,2018,M06,2018 Jun,823,109,15.3
JTU600000000000000TSL,2018,M07,2018 Jul,797,-26,-3.2
JTU600000000000000TSL,2018,M08,2018 Aug,804,7,0.9
JTU600000000000000TSL,2018,M09,2018 Sep,650,-154,-19.2
JTU600000000000000TSL,2018,M10,2018 Oct,678,28,4.3
JTU600000000000000TSL,2018,M11,2018 Nov,574,-104,-15.3
JTU600000000000000TSL,2018,M12,2018 Dec,591,17,3.0
JTU600000000000000TSL,2019,M01,2019 Jan,754,163,27.6
JTU600000000000000TSL,2019,M02,2019 Feb,591,-163,-21.6
JTU600000000000000TSL,2019,M03,2019 Mar,646,55,9.3
JTU600000000000000TSL,2019,M04,2019 Apr,654,8,1.2
JTU600000000000000TSL,2019,M05,2019 May,670,16,2.4
JTU600000000000000TSL,2019,M06,2019 Jun,742,72,10.7
JTU600000000000000TSL,2019,M07,2019 Jul,816,74,10.0
JTU600000000000000TSL,2019,M08,2019 Aug,755,-61,-7.5
JTU600000000000000TSL,2019,M09,2019 Sep,659,-96,-12.7
JTU600000000000000TSL,2019,M10,2019 Oct,677,18,2.7
JTU600000000000000TSL,2019,M11,2019 Nov,521,-156,-23.0
JTU600000000000000TSL,2019,M12,2019 Dec,583,62,11.9
JTU600000000000000TSL,2020,M01,2020 Jan,766,183,31.4
JTU600000000000000TSL,2020,M02,2020 Feb,612,-154,-20.1
JTU600000000000000TSL,2020,M03,2020 Mar,1987,1375,224.7
JTU600000000000000TSL,2020,M04,2020 Apr,1490,-497,-25.0
JTU600000000000000TSL,2020,M05,2020 May,658,-832,-55.8
JTU600000000000000TSL,2020,M06,2020 Jun,808,150,22.8
JTU600000000000000TSL,2020,M07,2020 Jul,829,21,2.6
JTU600000000000000TSL,2020,M08,2020 Aug,761,-68,-8.2
JTU600000000000000TSL,2020,M09,2020 Sep,641,-120,-15.8
JTU600000000000000TSL,2020,M10,2020 Oct,677,36,5.6
JTU600000000000000TSL,2020,M11,2020 Nov,540,-137,-20.2
JTU600000000000000TSL,2020,M12,2020 Dec,595,55,10.2
JTU600000000000000TSL,2021,M01,2021 Jan,705,110,18.5
JTU600000000000000TSL,2021,M02,2021 Feb,560,-145,-20.6
JTU600000000000000TSL,2021,M03,2021 Mar,623,63,11.3
JTU600000000000000TSL,2021,M04,2021 Apr,707,84,13.5
JTU600000000000000TSL,2021,M05,2021 May,736,29,4.1
JTU600000000000000TSL,2021,M06,2021 Jun,858,122,16.6
JTU600000000000000TSL,2021,M07,2021 Jul,829,-29,-3.4
JTU600000000000000TSL,2021,M08,2021 Aug,863,34,4.1
JTU600000000000000TSL,2021,M09,2021 Sep,820,-43,-5.0
JTU600000000000000TSL,2021,M10,2021 Oct,754,-66,-8.0
JTU600000000000000TSL,2021,M11,2021 Nov,678,-76,-10.1
JTU600000000000000TSL,2021,M12,2021 Dec,690,12,1.8
JTU600000000000000TSL,2022,M01,2022 Jan,875,185,26.8
JTU600000000000000TSL,2022,M02,2022 Feb,658,-217,-24.8
JTU600000000000000TSL,2022,M03,2022 Mar,676,18,2.7
JTU600000000000000TSL,2022,M04,2022 Apr,779,103,15.2
JTU600000000000000TSL,2022,M05,2022 May,865,86,11.0
JTU600000000000000TSL,2022,M06,2022 Jun,938,73,8.4
