Series ID,Year,Period,Label,Value,1-Month Net Change,1-Month % Change
JTU600000000000000HIL,2006,M01,2006 Jan,522,148,39.6
JTU600000000000000HIL,2006,M02,2006 Feb,439,-83,-15.9
JTU600000000000000HIL,2006,M03,2006 Mar,451,12,2.7
JTU600000000000000HIL,2006,M04,2006 Apr,519,68,15.1
JTU600000000000000HIL,2006,M05,2006 May,537,18,3.5
JTU600000000000000HIL,2006,M06,2006 Jun,569,32,6.0
JTU600000000000000HIL,2006,M07,2006 Jul,635,66,11.6
JTU600000000000000HIL,2006,M08,2006 Aug,650,15,2.4
JTU600000000000000HIL,2006,M09,2006 Sep,646,-4,-0.6
JTU600000000000000HIL,2006,M10,2006 Oct,607,-39,-6.0
JTU600000000000000HIL,2006,M11,2006 Nov,450,-157,-25.9
JTU600000000000000HIL,2006,M12,2006 Dec,396,-54,-12.0
JTU600000000000000HIL,2007,M01,2007 Jan,558,162,40.9
JTU600000000000000HIL,2007,M02,2007 Feb,459,-99,-17.7
JTU600000000000000HIL,2007,M03,2007 Mar,487,28,6.1
JTU600000000000000HIL,2007,M04,2007 Apr,529,42,8.6
JTU600000000000000HIL,2007,M05,2007 May,545,16,3.0
JTU600000000000000HIL,2007,M06,2007 Jun,638,93,17.1
JTU600000000000000HIL,2007,M07,2007 Jul,603,-35,-5.5
JTU600000000000000HIL,2007,M08,2007 Aug,678,75,12.4
JTU600000000000000HIL,2007,M09,2007 Sep,629,-49,-7.2
JTU600000000000000HIL,2007,M10,2007 Oct,608,-21,-3.3
JTU600000000000000HIL,2007,M11,2007 Nov,463,-145,-23.8
JTU600000000000000HIL,2007,M12,2007 Dec,364,-99,-21.4
JTU600000000000000HIL,2008,M01,2008 Jan,586,222,61.0
JTU600000000000000HIL,2008,M02,2008 Feb,495,-91,-15.5
JTU600000000000000HIL,2008,M03,2008 Mar,495,0,0.0
JTU600000000000000HIL,2008,M04,2008 Apr,555,60,12.1
JTU600000000000000HIL,2008,M05,2008 May,519,-36,-6.5
JTU600000000000000HIL,2008,M06,2008 Jun,620,101,19.5
JTU600000000000000HIL,2008,M07,2008 Jul,623,3,0.5
JTU600000000000000HIL,2008,M08,2008 Aug,685,62,10.0
JTU600000000000000HIL,2008,M09,2008 Sep,587,-98,-14.3
JTU600000000000000HIL,2008,M10,2008 Oct,588,1,0.2
JTU600000000000000HIL,2008,M11,2008 Nov,415,-173,-29.4
JTU600000000000000HIL,2008,M12,2008 Dec,372,-43,-10.4
JTU600000000000000HIL,2009,M01,2009 Jan,535,163,43.8
JTU600000000000000HIL,2009,M02,2009 Feb,454,-81,-15.1
JTU600000000000000HIL,2009,M03,2009 Mar,423,-31,-6.8
JTU600000000000000HIL,2009,M04,2009 Apr,472,49,11.6
JTU600000000000000HIL,2009,M05,2009 May,453,-19,-4.0
JTU600000000000000HIL,2009,M06,2009 Jun,586,133,29.4
JTU600000000000000HIL,2009,M07,2009 Jul,585,-1,-0.2
JTU600000000000000HIL,2009,M08,2009 Aug,678,93,15.9
JTU600000000000000HIL,2009,M09,2009 Sep,603,-75,-11.1
JTU600000000000000HIL,2009,M10,2009 Oct,556,-47,-7.8
JTU600000000000000HIL,2009,M11,2009 Nov,412,-144,-25.9
JTU600000000000000HIL,2009,M12,2009 Dec,356,-56,-13.6
JTU600000000000000HIL,2010,M01,2010 Jan,465,109,30.6
JTU600000000000000HIL,2010,M02,2010 Feb,397,-68,-14.6
JTU600000000000000HIL,2010,M03,2010 Mar,434,37,9.3
JTU600000000000000HIL,2010,M04,2010 Apr,456,22,5.1
JTU600000000000000HIL,2010,M05,2010 May,441,-15,-3.3
JTU600000000000000HIL,2010,M06,2010 Jun,592,151,34.2
JTU600000000000000HIL,2010,M07,2010 Jul,615,23,3.9
JTU600000000000000HIL,2010,M08,2010 Aug,613,-2,-0.3
JTU600000000000000HIL,2010,M09,2010 Sep,596,-17,-2.8
JTU600000000000000HIL,2010,M10,2010 Oct,542,-54,-9.1
JTU600000000000000HIL,2010,M11,2010 Nov,425,-117,-21.6
JTU600000000000000HIL,2010,M12,2010 Dec,359,-66,-15.5
JTU600000000000000HIL,2011,M01,2011 Jan,467,108,30.1
JTU600000000000000HIL,2011,M02,2011 Feb,394,-73,-15.6
JTU600000000000000HIL,2011,M03,2011 Mar,394,0,0.0
JTU600000000000000HIL,2011,M04,2011 Apr,478,84,21.3
JTU600000000000000HIL,2011,M05,2011 May,453,-25,-5.2
JTU600000000000000HIL,2011,M06,2011 Jun,600,147,32.5
JTU600000000000000HIL,2011,M07,2011 Jul,570,-30,-5.0
JTU600000000000000HIL,2011,M08,2011 Aug,666,96,16.8
JTU600000000000000HIL,2011,M09,2011 Sep,607,-59,-8.9
JTU600000000000000HIL,2011,M10,2011 Oct,524,-83,-13.7
JTU600000000000000HIL,2011,M11,2011 Nov,412,-112,-21.4
JTU600000000000000HIL,2011,M12,2011 Dec,365,-47,-11.4
JTU600000000000000HIL,2012,M01,2012 Jan,555,190,52.1
JTU600000000000000HIL,2012,M02,2012 Feb,472,-83,-15.0
JTU600000000000000HIL,2012,M03,2012 Mar,449,-23,-4.9
JTU600000000000000HIL,2012,M04,2012 Apr,482,33,7.3
JTU600000000000000HIL,2012,M05,2012 May,526,44,9.1
JTU600000000000000HIL,2012,M06,2012 Jun,604,78,14.8
JTU600000000000000HIL,2012,M07,2012 Jul,594,-10,-1.7
JTU600000000000000HIL,2012,M08,2012 Aug,668,74,12.5
JTU600000000000000HIL,2012,M09,2012 Sep,607,-61,-9.1
JTU600000000000000HIL,2012,M10,2012 Oct,560,-47,-7.7
JTU600000000000000HIL,2012,M11,2012 Nov,408,-152,-27.1
JTU600000000000000HIL,2012,M12,2012 Dec,377,-31,-7.6
JTU600000000000000HIL,2013,M01,2013 Jan,561,184,48.8
JTU600000000000000HIL,2013,M02,2013 Feb,432,-129,-23.0
JTU600000000000000HIL,2013,M03,2013 Mar,467,35,8.1
JTU600000000000000HIL,2013,M04,2013 Apr,560,93,19.9
JTU600000000000000HIL,2013,M05,2013 May,556,-4,-0.7
JTU600000000000000HIL,2013,M06,2013 Jun,552,-4,-0.7
JTU600000000000000HIL,2013,M07,2013 Jul,639,87,15.8
JTU600000000000000HIL,2013,M08,2013 Aug,762,123,19.2
JTU600000000000000HIL,2013,M09,2013 Sep,638,-124,-16.3
JTU600000000000000HIL,2013,M10,2013 Oct,562,-76,-11.9
JTU600000000000000HIL,2013,M11,2013 Nov,421,-141,-25.1
JTU600000000000000HIL,2013,M12,2013 Dec,391,-30,-7.1
JTU600000000000000HIL,2014,M01,2014 Jan,586,195,49.9
JTU600000000000000HIL,2014,M02,2014 Feb,446,-140,-23.9
JTU600000000000000HIL,2014,M03,2014 Mar,504,58,13.0
JTU600000000000000HIL,2014,M04,2014 Apr,573,69,13.7
JTU600000000000000HIL,2014,M05,2014 May,528,-45,-7.9
JTU600000000000000HIL,2014,M06,2014 Jun,623,95,18.0
JTU600000000000000HIL,2014,M07,2014 Jul,667,44,7.1
JTU600000000000000HIL,2014,M08,2014 Aug,672,5,0.7
JTU600000000000000HIL,2014,M09,2014 Sep,775,103,15.3
JTU600000000000000HIL,2014,M10,2014 Oct,652,-123,-15.9
JTU600000000000000HIL,2014,M11,2014 Nov,464,-188,-28.8
JTU600000000000000HIL,2014,M12,2014 Dec,438,-26,-5.6
JTU600000000000000HIL,2015,M01,2015 Jan,629,191,43.6
JTU600000000000000HIL,2015,M02,2015 Feb,525,-104,-16.5
JTU600000000000000HIL,2015,M03,2015 Mar,538,13,2.5
JTU600000000000000HIL,2015,M04,2015 Apr,603,65,12.1
JTU600000000000000HIL,2015,M05,2015 May,590,-13,-2.2
JTU600000000000000HIL,2015,M06,2015 Jun,654,64,10.8
JTU600000000000000HIL,2015,M07,2015 Jul,721,67,10.2
JTU600000000000000HIL,2015,M08,2015 Aug,790,69,9.6
JTU600000000000000HIL,2015,M09,2015 Sep,719,-71,-9.0
JTU600000000000000HIL,2015,M10,2015 Oct,725,6,0.8
JTU600000000000000HIL,2015,M11,2015 Nov,542,-183,-25.2
JTU600000000000000HIL,2015,M12,2015 Dec,473,-69,-12.7
JTU600000000000000HIL,2016,M01,2016 Jan,615,142,30.0
JTU600000000000000HIL,2016,M02,2016 Feb,544,-71,-11.5
JTU600000000000000HIL,2016,M03,2016 Mar,549,5,0.9
JTU600000000000000HIL,2016,M04,2016 Apr,620,71,12.9
JTU600000000000000HIL,2016,M05,2016 May,622,2,0.3
JTU600000000000000HIL,2016,M06,2016 Jun,719,97,15.6
JTU600000000000000HIL,2016,M07,2016 Jul,734,15,2.1
JTU600000000000000HIL,2016,M08,2016 Aug,830,96,13.1
JTU600000000000000HIL,2016,M09,2016 Sep,727,-103,-12.4
JTU600000000000000HIL,2016,M10,2016 Oct,711,-16,-2.2
JTU600000000000000HIL,2016,M11,2016 Nov,545,-166,-23.3
JTU600000000000000HIL,2016,M12,2016 Dec,471,-74,-13.6
JTU600000000000000HIL,2017,M01,2017 Jan,674,203,43.1
JTU600000000000000HIL,2017,M02,2017 Feb,525,-149,-22.1
JTU600000000000000HIL,2017,M03,2017 Mar,597,72,13.7
JTU600000000000000HIL,2017,M04,2017 Apr,656,59,9.9
JTU600000000000000HIL,2017,M05,2017 May,655,-1,-0.2
JTU600000000000000HIL,2017,M06,2017 Jun,696,41,6.3
JTU600000000000000HIL,2017,M07,2017 Jul,784,88,12.6
JTU600000000000000HIL,2017,M08,2017 Aug,867,83,10.6
JTU600000000000000HIL,2017,M09,2017 Sep,732,-135,-15.6
JTU600000000000000HIL,2017,M10,2017 Oct,743,11,1.5
JTU600000000000000HIL,2017,M11,2017 Nov,573,-170,-22.9
JTU600000000000000HIL,2017,M12,2017 Dec,497,-76,-13.3
JTU600000000000000HIL,2018,M01,2018 Jan,729,232,46.7
JTU600000000000000HIL,2018,M02,2018 Feb,563,-166,-22.8
JTU600000000000000HIL,2018,M03,2018 Mar,636,73,13.0
JTU600000000000000HIL,2018,M04,2018 Apr,657,21,3.3
JTU600000000000000HIL,2018,M05,2018 May,704,47,7.2
JTU600000000000000HIL,2018,M06,2018 Jun,767,63,8.9
JTU600000000000000HIL,2018,M07,2018 Jul,803,36,4.7
JTU600000000000000HIL,2018,M08,2018 Aug,900,97,12.1
JTU600000000000000HIL,2018,M09,2018 Sep,752,-148,-16.4
JTU600000000000000HIL,2018,M10,2018 Oct,811,59,7.8
JTU600000000000000HIL,2018,M11,2018 Nov,610,-201,-24.8
JTU600000000000000HIL,2018,M12,2018 Dec,571,-39,-6.4
JTU600000000000000HIL,2019,M01,2019 Jan,819,248,43.4
JTU600000000000000HIL,2019,M02,2019 Feb,624,-195,-23.8
JTU600000000000000HIL,2019,M03,2019 Mar,691,67,10.7
JTU600000000000000HIL,2019,M04,2019 Apr,728,37,5.4
JTU600000000000000HIL,2019,M05,2019 May,642,-86,-11.8
JTU600000000000000HIL,2019,M06,2019 Jun,710,68,10.6
JTU600000000000000HIL,2019,M07,2019 Jul,853,143,20.1
JTU600000000000000HIL,2019,M08,2019 Aug,852,-1,-0.1
JTU600000000000000HIL,2019,M09,2019 Sep,794,-58,-6.8
JTU600000000000000HIL,2019,M10,2019 Oct,798,4,0.5
JTU600000000000000HIL,2019,M11,2019 Nov,599,-199,-24.9
JTU600000000000000HIL,2019,M12,2019 Dec,540,-59,-9.8
JTU600000000000000HIL,2020,M01,2020 Jan,880,340,63.0
JTU600000000000000HIL,2020,M02,2020 Feb,667,-213,-24.2
JTU600000000000000HIL,2020,M03,2020 Mar,591,-76,-11.4
JTU600000000000000HIL,2020,M04,2020 Apr,515,-76,-12.9
JTU600000000000000HIL,2020,M05,2020 May,1146,631,122.5
JTU600000000000000HIL,2020,M06,2020 Jun,966,-180,-15.7
JTU600000000000000HIL,2020,M07,2020 Jul,980,14,1.4
JTU600000000000000HIL,2020,M08,2020 Aug,865,-115,-11.7
JTU600000000000000HIL,2020,M09,2020 Sep,792,-73,-8.4
JTU600000000000000HIL,2020,M10,2020 Oct,827,35,4.4
JTU600000000000000HIL,2020,M11,2020 Nov,606,-221,-26.7
JTU600000000000000HIL,2020,M12,2020 Dec,530,-76,-12.5
JTU600000000000000HIL,2021,M01,2021 Jan,744,214,40.4
JTU600000000000000HIL,2021,M02,2021 Feb,616,-128,-17.2
JTU600000000000000HIL,2021,M03,2021 Mar,688,72,11.7
JTU600000000000000HIL,2021,M04,2021 Apr,753,65,9.4
JTU600000000000000HIL,2021,M05,2021 May,734,-19,-2.5
JTU600000000000000HIL,2021,M06,2021 Jun,810,76,10.4
JTU600000000000000HIL,2021,M07,2021 Jul,891,81,10.0
JTU600000000000000HIL,2021,M08,2021 Aug,941,50,5.6
JTU600000000000000HIL,2021,M09,2021 Sep,910,-31,-3.3
JTU600000000000000HIL,2021,M10,2021 Oct,913,3,0.3
JTU600000000000000HIL,2021,M11,2021 Nov,734,-179,-19.6
JTU600000000000000HIL,2021,M12,2021 Dec,640,-94,-12.8
JTU600000000000000HIL,2022,M01,2022 Jan,929,289,45.2
JTU600000000000000HIL,2022,M02,2022 Feb,771,-158,-17.0
JTU600000000000000HIL,2022,M03,2022 Mar,721,-50,-6.5
JTU600000000000000HIL,2022,M04,2022 Apr,841,120,16.6
JTU600000000000000HIL,2022,M05,2022 May,879,38,4.5
JTU600000000000000HIL,2022,M06,2022 Jun,975,96,10.9
JTU600000000000000HIL,2022,M07,2022 Jul,1023,48,4.9
