Series ID,Year,Period,Label,Value,1-Month Net Change,1-Month % Change
JTU510099000000000JOL,2006,M01,2006 Jan,478,99,26.1
JTU510099000000000JOL,2006,M02,2006 Feb,350,-128,-26.8
JTU510099000000000JOL,2006,M03,2006 Mar,357,7,2.0
JTU510099000000000JOL,2006,M04,2006 Apr,432,75,21.0
JTU510099000000000JOL,2006,M05,2006 May,330,-102,-23.6
JTU510099000000000JOL,2006,M06,2006 Jun,343,13,3.9
JTU510099000000000JOL,2006,M07,2006 Jul,277,-66,-19.2
JTU510099000000000JOL,2006,M08,2006 Aug,290,13,4.7
JTU510099000000000JOL,2006,M09,2006 Sep,276,-14,-4.8
JTU510099000000000JOL,2006,M10,2006 Oct,318,42,15.2
JTU510099000000000JOL,2006,M11,2006 Nov,292,-26,-8.2
JTU510099000000000JOL,2006,M12,2006 Dec,253,-39,-13.4
JTU510099000000000JOL,2007,M01,2007 Jan,269,16,6.3
JTU510099000000000JOL,2007,M02,2007 Feb,270,1,0.4
JTU510099000000000JOL,2007,M03,2007 Mar,334,64,23.7
JTU510099000000000JOL,2007,M04,2007 Apr,281,-53,-15.9
JTU510099000000000JOL,2007,M05,2007 May,269,-12,-4.3
JTU510099000000000JOL,2007,M06,2007 Jun,271,2,0.7
JTU510099000000000JOL,2007,M07,2007 Jul,329,58,21.4
JTU510099000000000JOL,2007,M08,2007 Aug,309,-20,-6.1
JTU510099000000000JOL,2007,M09,2007 Sep,260,-49,-15.9
JTU510099000000000JOL,2007,M10,2007 Oct,281,21,8.1
JTU510099000000000JOL,2007,M11,2007 Nov,206,-75,-26.7
JTU510099000000000JOL,2007,M12,2007 Dec,227,21,10.2
JTU510099000000000JOL,2008,M01,2008 Jan,432,205,90.3
JTU510099000000000JOL,2008,M02,2008 Feb,222,-210,-48.6
JTU510099000000000JOL,2008,M03,2008 Mar,242,20,9.0
JTU510099000000000JOL,2008,M04,2008 Apr,244,2,0.8
JTU510099000000000JOL,2008,M05,2008 May,200,-44,-18.0
JTU510099000000000JOL,2008,M06,2008 Jun,167,-33,-16.5
JTU510099000000000JOL,2008,M07,2008 Jul,228,61,36.5
JTU510099000000000JOL,2008,M08,2008 Aug,198,-30,-13.2
JTU510099000000000JOL,2008,M09,2008 Sep,200,2,1.0
JTU510099000000000JOL,2008,M10,2008 Oct,158,-42,-21.0
JTU510099000000000JOL,2008,M11,2008 Nov,172,14,8.9
JTU510099000000000JOL,2008,M12,2008 Dec,197,25,14.5
JTU510099000000000JOL,2009,M01,2009 Jan,160,-37,-18.8
JTU510099000000000JOL,2009,M02,2009 Feb,170,10,6.3
JTU510099000000000JOL,2009,M03,2009 Mar,135,-35,-20.6
JTU510099000000000JOL,2009,M04,2009 Apr,130,-5,-3.7
JTU510099000000000JOL,2009,M05,2009 May,155,25,19.2
JTU510099000000000JOL,2009,M06,2009 Jun,140,-15,-9.7
JTU510099000000000JOL,2009,M07,2009 Jul,138,-2,-1.4
JTU510099000000000JOL,2009,M08,2009 Aug,115,-23,-16.7
JTU510099000000000JOL,2009,M09,2009 Sep,181,66,57.4
JTU510099000000000JOL,2009,M10,2009 Oct,157,-24,-13.3
JTU510099000000000JOL,2009,M11,2009 Nov,156,-1,-0.6
JTU510099000000000JOL,2009,M12,2009 Dec,114,-42,-26.9
JTU510099000000000JOL,2010,M01,2010 Jan,197,83,72.8
JTU510099000000000JOL,2010,M02,2010 Feb,134,-63,-32.0
JTU510099000000000JOL,2010,M03,2010 Mar,162,28,20.9
JTU510099000000000JOL,2010,M04,2010 Apr,257,95,58.6
JTU510099000000000JOL,2010,M05,2010 May,205,-52,-20.2
JTU510099000000000JOL,2010,M06,2010 Jun,191,-14,-6.8
JTU510099000000000JOL,2010,M07,2010 Jul,224,33,17.3
JTU510099000000000JOL,2010,M08,2010 Aug,230,6,2.7
JTU510099000000000JOL,2010,M09,2010 Sep,222,-8,-3.5
JTU510099000000000JOL,2010,M10,2010 Oct,254,32,14.4
JTU510099000000000JOL,2010,M11,2010 Nov,229,-25,-9.8
JTU510099000000000JOL,2010,M12,2010 Dec,177,-52,-22.7
JTU510099000000000JOL,2011,M01,2011 Jan,260,83,46.9
JTU510099000000000JOL,2011,M02,2011 Feb,188,-72,-27.7
JTU510099000000000JOL,2011,M03,2011 Mar,198,10,5.3
JTU510099000000000JOL,2011,M04,2011 Apr,272,74,37.4
JTU510099000000000JOL,2011,M05,2011 May,187,-85,-31.3
JTU510099000000000JOL,2011,M06,2011 Jun,207,20,10.7
JTU510099000000000JOL,2011,M07,2011 Jul,278,71,34.3
JTU510099000000000JOL,2011,M08,2011 Aug,174,-104,-37.4
JTU510099000000000JOL,2011,M09,2011 Sep,178,4,2.3
JTU510099000000000JOL,2011,M10,2011 Oct,257,79,44.4
JTU510099000000000JOL,2011,M11,2011 Nov,149,-108,-42.0
JTU510099000000000JOL,2011,M12,2011 Dec,183,34,22.8
JTU510099000000000JOL,2012,M01,2012 Jan,271,88,48.1
JTU510099000000000JOL,2012,M02,2012 Feb,173,-98,-36.2
JTU510099000000000JOL,2012,M03,2012 Mar,240,67,38.7
JTU510099000000000JOL,2012,M04,2012 Apr,247,7,2.9
JTU510099000000000JOL,2012,M05,2012 May,217,-30,-12.1
JTU510099000000000JOL,2012,M06,2012 Jun,228,11,5.1
JTU510099000000000JOL,2012,M07,2012 Jul,242,14,6.1
JTU510099000000000JOL,2012,M08,2012 Aug,253,11,4.5
JTU510099000000000JOL,2012,M09,2012 Sep,292,39,15.4
JTU510099000000000JOL,2012,M10,2012 Oct,281,-11,-3.8
JTU510099000000000JOL,2012,M11,2012 Nov,215,-66,-23.5
JTU510099000000000JOL,2012,M12,2012 Dec,235,20,9.3
JTU510099000000000JOL,2013,M01,2013 Jan,253,18,7.7
JTU510099000000000JOL,2013,M02,2013 Feb,277,24,9.5
JTU510099000000000JOL,2013,M03,2013 Mar,315,38,13.7
JTU510099000000000JOL,2013,M04,2013 Apr,295,-20,-6.3
JTU510099000000000JOL,2013,M05,2013 May,302,7,2.4
JTU510099000000000JOL,2013,M06,2013 Jun,306,4,1.3
JTU510099000000000JOL,2013,M07,2013 Jul,345,39,12.7
JTU510099000000000JOL,2013,M08,2013 Aug,242,-103,-29.9
JTU510099000000000JOL,2013,M09,2013 Sep,249,7,2.9
JTU510099000000000JOL,2013,M10,2013 Oct,283,34,13.7
JTU510099000000000JOL,2013,M11,2013 Nov,183,-100,-35.3
JTU510099000000000JOL,2013,M12,2013 Dec,219,36,19.7
JTU510099000000000JOL,2014,M01,2014 Jan,236,17,7.8
JTU510099000000000JOL,2014,M02,2014 Feb,225,-11,-4.7
JTU510099000000000JOL,2014,M03,2014 Mar,257,32,14.2
JTU510099000000000JOL,2014,M04,2014 Apr,319,62,24.1
JTU510099000000000JOL,2014,M05,2014 May,273,-46,-14.4
JTU510099000000000JOL,2014,M06,2014 Jun,346,73,26.7
JTU510099000000000JOL,2014,M07,2014 Jul,310,-36,-10.4
JTU510099000000000JOL,2014,M08,2014 Aug,342,32,10.3
JTU510099000000000JOL,2014,M09,2014 Sep,267,-75,-21.9
JTU510099000000000JOL,2014,M10,2014 Oct,396,129,48.3
JTU510099000000000JOL,2014,M11,2014 Nov,253,-143,-36.1
JTU510099000000000JOL,2014,M12,2014 Dec,263,10,4.0
JTU510099000000000JOL,2015,M01,2015 Jan,343,80,30.4
JTU510099000000000JOL,2015,M02,2015 Feb,315,-28,-8.2
JTU510099000000000JOL,2015,M03,2015 Mar,261,-54,-17.1
JTU510099000000000JOL,2015,M04,2015 Apr,429,168,64.4
JTU510099000000000JOL,2015,M05,2015 May,323,-106,-24.7
JTU510099000000000JOL,2015,M06,2015 Jun,278,-45,-13.9
JTU510099000000000JOL,2015,M07,2015 Jul,367,89,32.0
JTU510099000000000JOL,2015,M08,2015 Aug,329,-38,-10.4
JTU510099000000000JOL,2015,M09,2015 Sep,303,-26,-7.9
JTU510099000000000JOL,2015,M10,2015 Oct,356,53,17.5
JTU510099000000000JOL,2015,M11,2015 Nov,319,-37,-10.4
JTU510099000000000JOL,2015,M12,2015 Dec,389,70,21.9
JTU510099000000000JOL,2016,M01,2016 Jan,384,-5,-1.3
JTU510099000000000JOL,2016,M02,2016 Feb,308,-76,-19.8
JTU510099000000000JOL,2016,M03,2016 Mar,311,3,1.0
JTU510099000000000JOL,2016,M04,2016 Apr,408,97,31.2
JTU510099000000000JOL,2016,M05,2016 May,310,-98,-24.0
JTU510099000000000JOL,2016,M06,2016 Jun,314,4,1.3
JTU510099000000000JOL,2016,M07,2016 Jul,354,40,12.7
JTU510099000000000JOL,2016,M08,2016 Aug,362,8,2.3
JTU510099000000000JOL,2016,M09,2016 Sep,344,-18,-5.0
JTU510099000000000JOL,2016,M10,2016 Oct,343,-1,-0.3
JTU510099000000000JOL,2016,M11,2016 Nov,317,-26,-7.6
JTU510099000000000JOL,2016,M12,2016 Dec,382,65,20.5
JTU510099000000000JOL,2017,M01,2017 Jan,421,39,10.2
JTU510099000000000JOL,2017,M02,2017 Feb,318,-103,-24.5
JTU510099000000000JOL,2017,M03,2017 Mar,341,23,7.2
JTU510099000000000JOL,2017,M04,2017 Apr,504,163,47.8
JTU510099000000000JOL,2017,M05,2017 May,338,-166,-32.9
JTU510099000000000JOL,2017,M06,2017 Jun,358,20,5.9
JTU510099000000000JOL,2017,M07,2017 Jul,366,8,2.2
JTU510099000000000JOL,2017,M08,2017 Aug,310,-56,-15.3
JTU510099000000000JOL,2017,M09,2017 Sep,439,129,41.6
JTU510099000000000JOL,2017,M10,2017 Oct,435,-4,-0.9
JTU510099000000000JOL,2017,M11,2017 Nov,344,-91,-20.9
JTU510099000000000JOL,2017,M12,2017 Dec,363,19,5.5
JTU510099000000000JOL,2018,M01,2018 Jan,428,65,17.9
JTU510099000000000JOL,2018,M02,2018 Feb,385,-43,-10.0
JTU510099000000000JOL,2018,M03,2018 Mar,394,9,2.3
JTU510099000000000JOL,2018,M04,2018 Apr,363,-31,-7.9
JTU510099000000000JOL,2018,M05,2018 May,344,-19,-5.2
JTU510099000000000JOL,2018,M06,2018 Jun,350,6,1.7
JTU510099000000000JOL,2018,M07,2018 Jul,441,91,26.0
JTU510099000000000JOL,2018,M08,2018 Aug,414,-27,-6.1
JTU510099000000000JOL,2018,M09,2018 Sep,372,-42,-10.1
JTU510099000000000JOL,2018,M10,2018 Oct,437,65,17.5
JTU510099000000000JOL,2018,M11,2018 Nov,395,-42,-9.6
JTU510099000000000JOL,2018,M12,2018 Dec,348,-47,-11.9
JTU510099000000000JOL,2019,M01,2019 Jan,444,96,27.6
JTU510099000000000JOL,2019,M02,2019 Feb,330,-114,-25.7
JTU510099000000000JOL,2019,M03,2019 Mar,344,14,4.2
JTU510099000000000JOL,2019,M04,2019 Apr,399,55,16.0
JTU510099000000000JOL,2019,M05,2019 May,352,-47,-11.8
JTU510099000000000JOL,2019,M06,2019 Jun,360,8,2.3
JTU510099000000000JOL,2019,M07,2019 Jul,384,24,6.7
JTU510099000000000JOL,2019,M08,2019 Aug,381,-3,-0.8
JTU510099000000000JOL,2019,M09,2019 Sep,362,-19,-5.0
JTU510099000000000JOL,2019,M10,2019 Oct,453,91,25.1
JTU510099000000000JOL,2019,M11,2019 Nov,345,-108,-23.8
JTU510099000000000JOL,2019,M12,2019 Dec,316,-29,-8.4
JTU510099000000000JOL,2020,M01,2020 Jan,466,150,47.5
JTU510099000000000JOL,2020,M02,2020 Feb,397,-69,-14.8
JTU510099000000000JOL,2020,M03,2020 Mar,333,-64,-16.1
JTU510099000000000JOL,2020,M04,2020 Apr,308,-25,-7.5
JTU510099000000000JOL,2020,M05,2020 May,280,-28,-9.1
JTU510099000000000JOL,2020,M06,2020 Jun,315,35,12.5
JTU510099000000000JOL,2020,M07,2020 Jul,321,6,1.9
JTU510099000000000JOL,2020,M08,2020 Aug,284,-37,-11.5
JTU510099000000000JOL,2020,M09,2020 Sep,297,13,4.6
JTU510099000000000JOL,2020,M10,2020 Oct,350,53,17.8
JTU510099000000000JOL,2020,M11,2020 Nov,269,-81,-23.1
JTU510099000000000JOL,2020,M12,2020 Dec,275,6,2.2
JTU510099000000000JOL,2021,M01,2021 Jan,354,79,28.7
JTU510099000000000JOL,2021,M02,2021 Feb,298,-56,-15.8
JTU510099000000000JOL,2021,M03,2021 Mar,320,22,7.4
JTU510099000000000JOL,2021,M04,2021 Apr,462,142,44.4
JTU510099000000000JOL,2021,M05,2021 May,357,-105,-22.7
JTU510099000000000JOL,2021,M06,2021 Jun,324,-33,-9.2
JTU510099000000000JOL,2021,M07,2021 Jul,548,224,69.1
JTU510099000000000JOL,2021,M08,2021 Aug,452,-96,-17.5
JTU510099000000000JOL,2021,M09,2021 Sep,424,-28,-6.2
JTU510099000000000JOL,2021,M10,2021 Oct,477,53,12.5
JTU510099000000000JOL,2021,M11,2021 Nov,481,4,0.8
JTU510099000000000JOL,2021,M12,2021 Dec,448,-33,-6.9
JTU510099000000000JOL,2022,M01,2022 Jan,578,130,29.0
JTU510099000000000JOL,2022,M02,2022 Feb,445,-133,-23.0
JTU510099000000000JOL,2022,M03,2022 Mar,496,51,11.5
JTU510099000000000JOL,2022,M04,2022 Apr,559,63,12.7
JTU510099000000000JOL,2022,M05,2022 May,495,-64,-11.4
JTU510099000000000JOL,2022,M06,2022 Jun,607,112,22.6
JTU510099000000000JOL,2022,M07,2022 Jul,684,77,12.7
