Series ID,Year,Period,Label,Value,1-Month Net Change,1-Month % Change
JTU510099000000000HIL,2006,M01,2006 Jan,268,104,63.4
JTU510099000000000HIL,2006,M02,2006 Feb,228,-40,-14.9
JTU510099000000000HIL,2006,M03,2006 Mar,226,-2,-0.9
JTU510099000000000HIL,2006,M04,2006 Apr,265,39,17.3
JTU510099000000000HIL,2006,M05,2006 May,258,-7,-2.6
JTU510099000000000HIL,2006,M06,2006 Jun,276,18,7.0
JTU510099000000000HIL,2006,M07,2006 Jul,324,48,17.4
JTU510099000000000HIL,2006,M08,2006 Aug,233,-91,-28.1
JTU510099000000000HIL,2006,M09,2006 Sep,254,21,9.0
JTU510099000000000HIL,2006,M10,2006 Oct,305,51,20.1
JTU510099000000000HIL,2006,M11,2006 Nov,231,-74,-24.3
JTU510099000000000HIL,2006,M12,2006 Dec,192,-39,-16.9
JTU510099000000000HIL,2007,M01,2007 Jan,265,73,38.0
JTU510099000000000HIL,2007,M02,2007 Feb,217,-48,-18.1
JTU510099000000000HIL,2007,M03,2007 Mar,216,-1,-0.5
JTU510099000000000HIL,2007,M04,2007 Apr,255,39,18.1
JTU510099000000000HIL,2007,M05,2007 May,299,44,17.3
JTU510099000000000HIL,2007,M06,2007 Jun,277,-22,-7.4
JTU510099000000000HIL,2007,M07,2007 Jul,298,21,7.6
JTU510099000000000HIL,2007,M08,2007 Aug,268,-30,-10.1
JTU510099000000000HIL,2007,M09,2007 Sep,236,-32,-11.9
JTU510099000000000HIL,2007,M10,2007 Oct,286,50,21.2
JTU510099000000000HIL,2007,M11,2007 Nov,196,-90,-31.5
JTU510099000000000HIL,2007,M12,2007 Dec,177,-19,-9.7
JTU510099000000000HIL,2008,M01,2008 Jan,273,96,54.2
JTU510099000000000HIL,2008,M02,2008 Feb,200,-73,-26.7
JTU510099000000000HIL,2008,M03,2008 Mar,187,-13,-6.5
JTU510099000000000HIL,2008,M04,2008 Apr,259,72,38.5
JTU510099000000000HIL,2008,M05,2008 May,220,-39,-15.1
JTU510099000000000HIL,2008,M06,2008 Jun,247,27,12.3
JTU510099000000000HIL,2008,M07,2008 Jul,249,2,0.8
JTU510099000000000HIL,2008,M08,2008 Aug,218,-31,-12.4
JTU510099000000000HIL,2008,M09,2008 Sep,210,-8,-3.7
JTU510099000000000HIL,2008,M10,2008 Oct,202,-8,-3.8
JTU510099000000000HIL,2008,M11,2008 Nov,170,-32,-15.8
JTU510099000000000HIL,2008,M12,2008 Dec,125,-45,-26.5
JTU510099000000000HIL,2009,M01,2009 Jan,201,76,60.8
JTU510099000000000HIL,2009,M02,2009 Feb,133,-68,-33.8
JTU510099000000000HIL,2009,M03,2009 Mar,150,17,12.8
JTU510099000000000HIL,2009,M04,2009 Apr,146,-4,-2.7
JTU510099000000000HIL,2009,M05,2009 May,174,28,19.2
JTU510099000000000HIL,2009,M06,2009 Jun,190,16,9.2
JTU510099000000000HIL,2009,M07,2009 Jul,217,27,14.2
JTU510099000000000HIL,2009,M08,2009 Aug,175,-42,-19.4
JTU510099000000000HIL,2009,M09,2009 Sep,140,-35,-20.0
JTU510099000000000HIL,2009,M10,2009 Oct,205,65,46.4
JTU510099000000000HIL,2009,M11,2009 Nov,112,-93,-45.4
JTU510099000000000HIL,2009,M12,2009 Dec,136,24,21.4
JTU510099000000000HIL,2010,M01,2010 Jan,175,39,28.7
JTU510099000000000HIL,2010,M02,2010 Feb,129,-46,-26.3
JTU510099000000000HIL,2010,M03,2010 Mar,131,2,1.6
JTU510099000000000HIL,2010,M04,2010 Apr,199,68,51.9
JTU510099000000000HIL,2010,M05,2010 May,190,-9,-4.5
JTU510099000000000HIL,2010,M06,2010 Jun,218,28,14.7
JTU510099000000000HIL,2010,M07,2010 Jul,200,-18,-8.3
JTU510099000000000HIL,2010,M08,2010 Aug,170,-30,-15.0
JTU510099000000000HIL,2010,M09,2010 Sep,159,-11,-6.5
JTU510099000000000HIL,2010,M10,2010 Oct,189,30,18.9
JTU510099000000000HIL,2010,M11,2010 Nov,134,-55,-29.1
JTU510099000000000HIL,2010,M12,2010 Dec,141,7,5.2
JTU510099000000000HIL,2011,M01,2011 Jan,161,20,14.2
JTU510099000000000HIL,2011,M02,2011 Feb,119,-42,-26.1
JTU510099000000000HIL,2011,M03,2011 Mar,145,26,21.8
JTU510099000000000HIL,2011,M04,2011 Apr,144,-1,-0.7
JTU510099000000000HIL,2011,M05,2011 May,169,25,17.4
JTU510099000000000HIL,2011,M06,2011 Jun,193,24,14.2
JTU510099000000000HIL,2011,M07,2011 Jul,182,-11,-5.7
JTU510099000000000HIL,2011,M08,2011 Aug,171,-11,-6.0
JTU510099000000000HIL,2011,M09,2011 Sep,146,-25,-14.6
JTU510099000000000HIL,2011,M10,2011 Oct,192,46,31.5
JTU510099000000000HIL,2011,M11,2011 Nov,148,-44,-22.9
JTU510099000000000HIL,2011,M12,2011 Dec,133,-15,-10.1
JTU510099000000000HIL,2012,M01,2012 Jan,179,46,34.6
JTU510099000000000HIL,2012,M02,2012 Feb,138,-41,-22.9
JTU510099000000000HIL,2012,M03,2012 Mar,165,27,19.6
JTU510099000000000HIL,2012,M04,2012 Apr,216,51,30.9
JTU510099000000000HIL,2012,M05,2012 May,200,-16,-7.4
JTU510099000000000HIL,2012,M06,2012 Jun,217,17,8.5
JTU510099000000000HIL,2012,M07,2012 Jul,191,-26,-12.0
JTU510099000000000HIL,2012,M08,2012 Aug,200,9,4.7
JTU510099000000000HIL,2012,M09,2012 Sep,191,-9,-4.5
JTU510099000000000HIL,2012,M10,2012 Oct,216,25,13.1
JTU510099000000000HIL,2012,M11,2012 Nov,181,-35,-16.2
JTU510099000000000HIL,2012,M12,2012 Dec,129,-52,-28.7
JTU510099000000000HIL,2013,M01,2013 Jan,231,102,79.1
JTU510099000000000HIL,2013,M02,2013 Feb,170,-61,-26.4
JTU510099000000000HIL,2013,M03,2013 Mar,168,-2,-1.2
JTU510099000000000HIL,2013,M04,2013 Apr,208,40,23.8
JTU510099000000000HIL,2013,M05,2013 May,243,35,16.8
JTU510099000000000HIL,2013,M06,2013 Jun,220,-23,-9.5
JTU510099000000000HIL,2013,M07,2013 Jul,243,23,10.5
JTU510099000000000HIL,2013,M08,2013 Aug,206,-37,-15.2
JTU510099000000000HIL,2013,M09,2013 Sep,215,9,4.4
JTU510099000000000HIL,2013,M10,2013 Oct,214,-1,-0.5
JTU510099000000000HIL,2013,M11,2013 Nov,160,-54,-25.2
JTU510099000000000HIL,2013,M12,2013 Dec,126,-34,-21.3
JTU510099000000000HIL,2014,M01,2014 Jan,177,51,40.5
JTU510099000000000HIL,2014,M02,2014 Feb,144,-33,-18.6
JTU510099000000000HIL,2014,M03,2014 Mar,183,39,27.1
JTU510099000000000HIL,2014,M04,2014 Apr,200,17,9.3
JTU510099000000000HIL,2014,M05,2014 May,209,9,4.5
JTU510099000000000HIL,2014,M06,2014 Jun,221,12,5.7
JTU510099000000000HIL,2014,M07,2014 Jul,218,-3,-1.4
JTU510099000000000HIL,2014,M08,2014 Aug,201,-17,-7.8
JTU510099000000000HIL,2014,M09,2014 Sep,195,-6,-3.0
JTU510099000000000HIL,2014,M10,2014 Oct,200,5,2.6
JTU510099000000000HIL,2014,M11,2014 Nov,205,5,2.5
JTU510099000000000HIL,2014,M12,2014 Dec,158,-47,-22.9
JTU510099000000000HIL,2015,M01,2015 Jan,228,70,44.3
JTU510099000000000HIL,2015,M02,2015 Feb,128,-100,-43.9
JTU510099000000000HIL,2015,M03,2015 Mar,181,53,41.4
JTU510099000000000HIL,2015,M04,2015 Apr,229,48,26.5
JTU510099000000000HIL,2015,M05,2015 May,213,-16,-7.0
JTU510099000000000HIL,2015,M06,2015 Jun,241,28,13.1
JTU510099000000000HIL,2015,M07,2015 Jul,213,-28,-11.6
JTU510099000000000HIL,2015,M08,2015 Aug,181,-32,-15.0
JTU510099000000000HIL,2015,M09,2015 Sep,184,3,1.7
JTU510099000000000HIL,2015,M10,2015 Oct,233,49,26.6
JTU510099000000000HIL,2015,M11,2015 Nov,182,-51,-21.9
JTU510099000000000HIL,2015,M12,2015 Dec,158,-24,-13.2
JTU510099000000000HIL,2016,M01,2016 Jan,250,92,58.2
JTU510099000000000HIL,2016,M02,2016 Feb,183,-67,-26.8
JTU510099000000000HIL,2016,M03,2016 Mar,207,24,13.1
JTU510099000000000HIL,2016,M04,2016 Apr,224,17,8.2
JTU510099000000000HIL,2016,M05,2016 May,211,-13,-5.8
JTU510099000000000HIL,2016,M06,2016 Jun,238,27,12.8
JTU510099000000000HIL,2016,M07,2016 Jul,205,-33,-13.9
JTU510099000000000HIL,2016,M08,2016 Aug,193,-12,-5.9
JTU510099000000000HIL,2016,M09,2016 Sep,166,-27,-14.0
JTU510099000000000HIL,2016,M10,2016 Oct,235,69,41.6
JTU510099000000000HIL,2016,M11,2016 Nov,151,-84,-35.7
JTU510099000000000HIL,2016,M12,2016 Dec,142,-9,-6.0
JTU510099000000000HIL,2017,M01,2017 Jan,261,119,83.8
JTU510099000000000HIL,2017,M02,2017 Feb,156,-105,-40.2
JTU510099000000000HIL,2017,M03,2017 Mar,219,63,40.4
JTU510099000000000HIL,2017,M04,2017 Apr,222,3,1.4
JTU510099000000000HIL,2017,M05,2017 May,251,29,13.1
JTU510099000000000HIL,2017,M06,2017 Jun,251,0,0.0
JTU510099000000000HIL,2017,M07,2017 Jul,228,-23,-9.2
JTU510099000000000HIL,2017,M08,2017 Aug,211,-17,-7.5
JTU510099000000000HIL,2017,M09,2017 Sep,180,-31,-14.7
JTU510099000000000HIL,2017,M10,2017 Oct,257,77,42.8
JTU510099000000000HIL,2017,M11,2017 Nov,159,-98,-38.1
JTU510099000000000HIL,2017,M12,2017 Dec,137,-22,-13.8
JTU510099000000000HIL,2018,M01,2018 Jan,249,112,81.8
JTU510099000000000HIL,2018,M02,2018 Feb,179,-70,-28.1
JTU510099000000000HIL,2018,M03,2018 Mar,176,-3,-1.7
JTU510099000000000HIL,2018,M04,2018 Apr,206,30,17.0
JTU510099000000000HIL,2018,M05,2018 May,234,28,13.6
JTU510099000000000HIL,2018,M06,2018 Jun,266,32,13.7
JTU510099000000000HIL,2018,M07,2018 Jul,223,-43,-16.2
JTU510099000000000HIL,2018,M08,2018 Aug,210,-13,-5.8
JTU510099000000000HIL,2018,M09,2018 Sep,216,6,2.9
JTU510099000000000HIL,2018,M10,2018 Oct,214,-2,-0.9
JTU510099000000000HIL,2018,M11,2018 Nov,175,-39,-18.2
JTU510099000000000HIL,2018,M12,2018 Dec,152,-23,-13.1
JTU510099000000000HIL,2019,M01,2019 Jan,215,63,41.4
JTU510099000000000HIL,2019,M02,2019 Feb,173,-42,-19.5
JTU510099000000000HIL,2019,M03,2019 Mar,176,3,1.7
JTU510099000000000HIL,2019,M04,2019 Apr,241,65,36.9
JTU510099000000000HIL,2019,M05,2019 May,255,14,5.8
JTU510099000000000HIL,2019,M06,2019 Jun,262,7,2.7
JTU510099000000000HIL,2019,M07,2019 Jul,272,10,3.8
JTU510099000000000HIL,2019,M08,2019 Aug,243,-29,-10.7
JTU510099000000000HIL,2019,M09,2019 Sep,215,-28,-11.5
JTU510099000000000HIL,2019,M10,2019 Oct,237,22,10.2
JTU510099000000000HIL,2019,M11,2019 Nov,208,-29,-12.2
JTU510099000000000HIL,2019,M12,2019 Dec,156,-52,-25.0
JTU510099000000000HIL,2020,M01,2020 Jan,245,89,57.1
JTU510099000000000HIL,2020,M02,2020 Feb,209,-36,-14.7
JTU510099000000000HIL,2020,M03,2020 Mar,212,3,1.4
JTU510099000000000HIL,2020,M04,2020 Apr,168,-44,-20.8
JTU510099000000000HIL,2020,M05,2020 May,234,66,39.3
JTU510099000000000HIL,2020,M06,2020 Jun,224,-10,-4.3
JTU510099000000000HIL,2020,M07,2020 Jul,288,64,28.6
JTU510099000000000HIL,2020,M08,2020 Aug,238,-50,-17.4
JTU510099000000000HIL,2020,M09,2020 Sep,248,10,4.2
JTU510099000000000HIL,2020,M10,2020 Oct,269,21,8.5
JTU510099000000000HIL,2020,M11,2020 Nov,184,-85,-31.6
JTU510099000000000HIL,2020,M12,2020 Dec,141,-43,-23.4
JTU510099000000000HIL,2021,M01,2021 Jan,237,96,68.1
JTU510099000000000HIL,2021,M02,2021 Feb,169,-68,-28.7
JTU510099000000000HIL,2021,M03,2021 Mar,187,18,10.7
JTU510099000000000HIL,2021,M04,2021 Apr,222,35,18.7
JTU510099000000000HIL,2021,M05,2021 May,225,3,1.4
JTU510099000000000HIL,2021,M06,2021 Jun,229,4,1.8
JTU510099000000000HIL,2021,M07,2021 Jul,275,46,20.1
JTU510099000000000HIL,2021,M08,2021 Aug,213,-62,-22.5
JTU510099000000000HIL,2021,M09,2021 Sep,291,78,36.6
JTU510099000000000HIL,2021,M10,2021 Oct,242,-49,-16.8
JTU510099000000000HIL,2021,M11,2021 Nov,209,-33,-13.6
JTU510099000000000HIL,2021,M12,2021 Dec,160,-49,-23.4
JTU510099000000000HIL,2022,M01,2022 Jan,267,107,66.9
JTU510099000000000HIL,2022,M02,2022 Feb,207,-60,-22.5
JTU510099000000000HIL,2022,M03,2022 Mar,201,-6,-2.9
JTU510099000000000HIL,2022,M04,2022 Apr,300,99,49.3
JTU510099000000000HIL,2022,M05,2022 May,257,-43,-14.3
JTU510099000000000HIL,2022,M06,2022 Jun,209,-48,-18.7
