Series ID,Year,Period,Label,Value,1-Month Net Change,1-Month % Change
JTU700000000000000JOL,2006,M01,2006 Jan,634,154,32.1
JTU700000000000000JOL,2006,M02,2006 Feb,553,-81,-12.8
JTU700000000000000JOL,2006,M03,2006 Mar,556,3,0.5
JTU700000000000000JOL,2006,M04,2006 Apr,791,235,42.3
JTU700000000000000JOL,2006,M05,2006 May,590,-201,-25.4
JTU700000000000000JOL,2006,M06,2006 Jun,521,-69,-11.7
JTU700000000000000JOL,2006,M07,2006 Jul,654,133,25.5
JTU700000000000000JOL,2006,M08,2006 Aug,581,-73,-11.2
JTU700000000000000JOL,2006,M09,2006 Sep,544,-37,-6.4
JTU700000000000000JOL,2006,M10,2006 Oct,600,56,10.3
JTU700000000000000JOL,2006,M11,2006 Nov,567,-33,-5.5
JTU700000000000000JOL,2006,M12,2006 Dec,469,-98,-17.3
JTU700000000000000JOL,2007,M01,2007 Jan,507,38,8.1
JTU700000000000000JOL,2007,M02,2007 Feb,523,16,3.2
JTU700000000000000JOL,2007,M03,2007 Mar,618,95,18.2
JTU700000000000000JOL,2007,M04,2007 Apr,673,55,8.9
JTU700000000000000JOL,2007,M05,2007 May,632,-41,-6.1
JTU700000000000000JOL,2007,M06,2007 Jun,606,-26,-4.1
JTU700000000000000JOL,2007,M07,2007 Jul,684,78,12.9
JTU700000000000000JOL,2007,M08,2007 Aug,650,-34,-5.0
JTU700000000000000JOL,2007,M09,2007 Sep,655,5,0.8
JTU700000000000000JOL,2007,M10,2007 Oct,623,-32,-4.9
JTU700000000000000JOL,2007,M11,2007 Nov,579,-44,-7.1
JTU700000000000000JOL,2007,M12,2007 Dec,479,-100,-17.3
JTU700000000000000JOL,2008,M01,2008 Jan,565,86,18.0
JTU700000000000000JOL,2008,M02,2008 Feb,533,-32,-5.7
JTU700000000000000JOL,2008,M03,2008 Mar,581,48,9.0
JTU700000000000000JOL,2008,M04,2008 Apr,649,68,11.7
JTU700000000000000JOL,2008,M05,2008 May,603,-46,-7.1
JTU700000000000000JOL,2008,M06,2008 Jun,455,-148,-24.5
JTU700000000000000JOL,2008,M07,2008 Jul,480,25,5.5
JTU700000000000000JOL,2008,M08,2008 Aug,450,-30,-6.3
JTU700000000000000JOL,2008,M09,2008 Sep,397,-53,-11.8
JTU700000000000000JOL,2008,M10,2008 Oct,428,31,7.8
JTU700000000000000JOL,2008,M11,2008 Nov,292,-136,-31.8
JTU700000000000000JOL,2008,M12,2008 Dec,247,-45,-15.4
JTU700000000000000JOL,2009,M01,2009 Jan,227,-20,-8.1
JTU700000000000000JOL,2009,M02,2009 Feb,314,87,38.3
JTU700000000000000JOL,2009,M03,2009 Mar,268,-46,-14.6
JTU700000000000000JOL,2009,M04,2009 Apr,355,87,32.5
JTU700000000000000JOL,2009,M05,2009 May,327,-28,-7.9
JTU700000000000000JOL,2009,M06,2009 Jun,277,-50,-15.3
JTU700000000000000JOL,2009,M07,2009 Jul,289,12,4.3
JTU700000000000000JOL,2009,M08,2009 Aug,215,-74,-25.6
JTU700000000000000JOL,2009,M09,2009 Sep,277,62,28.8
JTU700000000000000JOL,2009,M10,2009 Oct,288,11,4.0
JTU700000000000000JOL,2009,M11,2009 Nov,221,-67,-23.3
JTU700000000000000JOL,2009,M12,2009 Dec,164,-57,-25.8
JTU700000000000000JOL,2010,M01,2010 Jan,257,93,56.7
JTU700000000000000JOL,2010,M02,2010 Feb,267,10,3.9
JTU700000000000000JOL,2010,M03,2010 Mar,252,-15,-5.6
JTU700000000000000JOL,2010,M04,2010 Apr,366,114,45.2
JTU700000000000000JOL,2010,M05,2010 May,341,-25,-6.8
JTU700000000000000JOL,2010,M06,2010 Jun,324,-17,-5.0
JTU700000000000000JOL,2010,M07,2010 Jul,347,23,7.1
JTU700000000000000JOL,2010,M08,2010 Aug,379,32,9.2
JTU700000000000000JOL,2010,M09,2010 Sep,308,-71,-18.7
JTU700000000000000JOL,2010,M10,2010 Oct,446,138,44.8
JTU700000000000000JOL,2010,M11,2010 Nov,260,-186,-41.7
JTU700000000000000JOL,2010,M12,2010 Dec,248,-12,-4.6
JTU700000000000000JOL,2011,M01,2011 Jan,335,87,35.1
JTU700000000000000JOL,2011,M02,2011 Feb,397,62,18.5
JTU700000000000000JOL,2011,M03,2011 Mar,413,16,4.0
JTU700000000000000JOL,2011,M04,2011 Apr,426,13,3.1
JTU700000000000000JOL,2011,M05,2011 May,337,-89,-20.9
JTU700000000000000JOL,2011,M06,2011 Jun,402,65,19.3
JTU700000000000000JOL,2011,M07,2011 Jul,385,-17,-4.2
JTU700000000000000JOL,2011,M08,2011 Aug,407,22,5.7
JTU700000000000000JOL,2011,M09,2011 Sep,412,5,1.2
JTU700000000000000JOL,2011,M10,2011 Oct,455,43,10.4
JTU700000000000000JOL,2011,M11,2011 Nov,372,-83,-18.2
JTU700000000000000JOL,2011,M12,2011 Dec,332,-40,-10.8
JTU700000000000000JOL,2012,M01,2012 Jan,411,79,23.8
JTU700000000000000JOL,2012,M02,2012 Feb,393,-18,-4.4
JTU700000000000000JOL,2012,M03,2012 Mar,476,83,21.1
JTU700000000000000JOL,2012,M04,2012 Apr,601,125,26.3
JTU700000000000000JOL,2012,M05,2012 May,479,-122,-20.3
JTU700000000000000JOL,2012,M06,2012 Jun,481,2,0.4
JTU700000000000000JOL,2012,M07,2012 Jul,518,37,7.7
JTU700000000000000JOL,2012,M08,2012 Aug,438,-80,-15.4
JTU700000000000000JOL,2012,M09,2012 Sep,406,-32,-7.3
JTU700000000000000JOL,2012,M10,2012 Oct,504,98,24.1
JTU700000000000000JOL,2012,M11,2012 Nov,435,-69,-13.7
JTU700000000000000JOL,2012,M12,2012 Dec,354,-81,-18.6
JTU700000000000000JOL,2013,M01,2013 Jan,420,66,18.6
JTU700000000000000JOL,2013,M02,2013 Feb,531,111,26.4
JTU700000000000000JOL,2013,M03,2013 Mar,551,20,3.8
JTU700000000000000JOL,2013,M04,2013 Apr,598,47,8.5
JTU700000000000000JOL,2013,M05,2013 May,487,-111,-18.6
JTU700000000000000JOL,2013,M06,2013 Jun,491,4,0.8
JTU700000000000000JOL,2013,M07,2013 Jul,540,49,10.0
JTU700000000000000JOL,2013,M08,2013 Aug,544,4,0.7
JTU700000000000000JOL,2013,M09,2013 Sep,527,-17,-3.1
JTU700000000000000JOL,2013,M10,2013 Oct,552,25,4.7
JTU700000000000000JOL,2013,M11,2013 Nov,473,-79,-14.3
JTU700000000000000JOL,2013,M12,2013 Dec,441,-32,-6.8
JTU700000000000000JOL,2014,M01,2014 Jan,535,94,21.3
JTU700000000000000JOL,2014,M02,2014 Feb,572,37,6.9
JTU700000000000000JOL,2014,M03,2014 Mar,612,40,7.0
JTU700000000000000JOL,2014,M04,2014 Apr,817,205,33.5
JTU700000000000000JOL,2014,M05,2014 May,744,-73,-8.9
JTU700000000000000JOL,2014,M06,2014 Jun,671,-73,-9.8
JTU700000000000000JOL,2014,M07,2014 Jul,673,2,0.3
JTU700000000000000JOL,2014,M08,2014 Aug,732,59,8.8
JTU700000000000000JOL,2014,M09,2014 Sep,680,-52,-7.1
JTU700000000000000JOL,2014,M10,2014 Oct,672,-8,-1.2
JTU700000000000000JOL,2014,M11,2014 Nov,562,-110,-16.4
JTU700000000000000JOL,2014,M12,2014 Dec,550,-12,-2.1
JTU700000000000000JOL,2015,M01,2015 Jan,737,187,34.0
JTU700000000000000JOL,2015,M02,2015 Feb,755,18,2.4
JTU700000000000000JOL,2015,M03,2015 Mar,777,22,2.9
JTU700000000000000JOL,2015,M04,2015 Apr,888,111,14.3
JTU700000000000000JOL,2015,M05,2015 May,740,-148,-16.7
JTU700000000000000JOL,2015,M06,2015 Jun,659,-81,-10.9
JTU700000000000000JOL,2015,M07,2015 Jul,810,151,22.9
JTU700000000000000JOL,2015,M08,2015 Aug,725,-85,-10.5
JTU700000000000000JOL,2015,M09,2015 Sep,676,-49,-6.8
JTU700000000000000JOL,2015,M10,2015 Oct,772,96,14.2
JTU700000000000000JOL,2015,M11,2015 Nov,690,-82,-10.6
JTU700000000000000JOL,2015,M12,2015 Dec,582,-108,-15.7
JTU700000000000000JOL,2016,M01,2016 Jan,692,110,18.9
JTU700000000000000JOL,2016,M02,2016 Feb,759,67,9.7
JTU700000000000000JOL,2016,M03,2016 Mar,877,118,15.5
JTU700000000000000JOL,2016,M04,2016 Apr,942,65,7.4
JTU700000000000000JOL,2016,M05,2016 May,791,-151,-16.0
JTU700000000000000JOL,2016,M06,2016 Jun,790,-1,-0.1
JTU700000000000000JOL,2016,M07,2016 Jul,811,21,2.7
JTU700000000000000JOL,2016,M08,2016 Aug,839,28,3.5
JTU700000000000000JOL,2016,M09,2016 Sep,716,-123,-14.7
JTU700000000000000JOL,2016,M10,2016 Oct,730,14,2.0
JTU700000000000000JOL,2016,M11,2016 Nov,691,-39,-5.3
JTU700000000000000JOL,2016,M12,2016 Dec,575,-116,-16.8
JTU700000000000000JOL,2017,M01,2017 Jan,670,95,16.5
JTU700000000000000JOL,2017,M02,2017 Feb,892,222,33.1
JTU700000000000000JOL,2017,M03,2017 Mar,805,-87,-9.8
JTU700000000000000JOL,2017,M04,2017 Apr,1024,219,27.2
JTU700000000000000JOL,2017,M05,2017 May,888,-136,-13.3
JTU700000000000000JOL,2017,M06,2017 Jun,839,-49,-5.5
JTU700000000000000JOL,2017,M07,2017 Jul,904,65,7.7
JTU700000000000000JOL,2017,M08,2017 Aug,939,35,3.9
JTU700000000000000JOL,2017,M09,2017 Sep,765,-174,-18.5
JTU700000000000000JOL,2017,M10,2017 Oct,761,-4,-0.5
JTU700000000000000JOL,2017,M11,2017 Nov,814,53,7.0
JTU700000000000000JOL,2017,M12,2017 Dec,712,-102,-12.5
JTU700000000000000JOL,2018,M01,2018 Jan,869,157,22.1
JTU700000000000000JOL,2018,M02,2018 Feb,919,50,5.8
JTU700000000000000JOL,2018,M03,2018 Mar,979,60,6.5
JTU700000000000000JOL,2018,M04,2018 Apr,1145,166,17.0
JTU700000000000000JOL,2018,M05,2018 May,1021,-124,-10.8
JTU700000000000000JOL,2018,M06,2018 Jun,1048,27,2.6
JTU700000000000000JOL,2018,M07,2018 Jul,1061,13,1.2
JTU700000000000000JOL,2018,M08,2018 Aug,1034,-27,-2.5
JTU700000000000000JOL,2018,M09,2018 Sep,1044,10,1.0
JTU700000000000000JOL,2018,M10,2018 Oct,982,-62,-5.9
JTU700000000000000JOL,2018,M11,2018 Nov,955,-27,-2.7
JTU700000000000000JOL,2018,M12,2018 Dec,909,-46,-4.8
JTU700000000000000JOL,2019,M01,2019 Jan,1084,175,19.3
JTU700000000000000JOL,2019,M02,2019 Feb,1006,-78,-7.2
JTU700000000000000JOL,2019,M03,2019 Mar,1068,62,6.2
JTU700000000000000JOL,2019,M04,2019 Apr,1198,130,12.2
JTU700000000000000JOL,2019,M05,2019 May,1073,-125,-10.4
JTU700000000000000JOL,2019,M06,2019 Jun,928,-145,-13.5
JTU700000000000000JOL,2019,M07,2019 Jul,998,70,7.5
JTU700000000000000JOL,2019,M08,2019 Aug,978,-20,-2.0
JTU700000000000000JOL,2019,M09,2019 Sep,992,14,1.4
JTU700000000000000JOL,2019,M10,2019 Oct,961,-31,-3.1
JTU700000000000000JOL,2019,M11,2019 Nov,905,-56,-5.8
JTU700000000000000JOL,2019,M12,2019 Dec,748,-157,-17.3
JTU700000000000000JOL,2020,M01,2020 Jan,897,149,19.9
JTU700000000000000JOL,2020,M02,2020 Feb,968,71,7.9
JTU700000000000000JOL,2020,M03,2020 Mar,661,-307,-31.7
JTU700000000000000JOL,2020,M04,2020 Apr,514,-147,-22.2
JTU700000000000000JOL,2020,M05,2020 May,761,247,48.1
JTU700000000000000JOL,2020,M06,2020 Jun,894,133,17.5
JTU700000000000000JOL,2020,M07,2020 Jul,892,-2,-0.2
JTU700000000000000JOL,2020,M08,2020 Aug,796,-96,-10.8
JTU700000000000000JOL,2020,M09,2020 Sep,792,-4,-0.5
JTU700000000000000JOL,2020,M10,2020 Oct,830,38,4.8
JTU700000000000000JOL,2020,M11,2020 Nov,776,-54,-6.5
JTU700000000000000JOL,2020,M12,2020 Dec,609,-167,-21.5
JTU700000000000000JOL,2021,M01,2021 Jan,690,81,13.3
JTU700000000000000JOL,2021,M02,2021 Feb,948,258,37.4
JTU700000000000000JOL,2021,M03,2021 Mar,1144,196,20.7
JTU700000000000000JOL,2021,M04,2021 Apr,1452,308,26.9
JTU700000000000000JOL,2021,M05,2021 May,1465,13,0.9
JTU700000000000000JOL,2021,M06,2021 Jun,1528,63,4.3
JTU700000000000000JOL,2021,M07,2021 Jul,1772,244,16.0
JTU700000000000000JOL,2021,M08,2021 Aug,1794,22,1.2
JTU700000000000000JOL,2021,M09,2021 Sep,1514,-280,-15.6
JTU700000000000000JOL,2021,M10,2021 Oct,1611,97,6.4
JTU700000000000000JOL,2021,M11,2021 Nov,1510,-101,-6.3
JTU700000000000000JOL,2021,M12,2021 Dec,1516,6,0.4
JTU700000000000000JOL,2022,M01,2022 Jan,1515,-1,-0.1
JTU700000000000000JOL,2022,M02,2022 Feb,1643,128,8.4
JTU700000000000000JOL,2022,M03,2022 Mar,1720,77,4.7
JTU700000000000000JOL,2022,M04,2022 Apr,1744,24,1.4
JTU700000000000000JOL,2022,M05,2022 May,1660,-84,-4.8
JTU700000000000000JOL,2022,M06,2022 Jun,1474,-186,-11.2
