Series ID,Year,Period,Label,Value,1-Month Net Change,1-Month % Change
LNU04032241,2006,M01,2006 Jan,8.1,0.2,2.5
LNU04032241,2006,M02,2006 Feb,9.1,1.0,12.3
LNU04032241,2006,M03,2006 Mar,8.0,-1.1,-12.1
LNU04032241,2006,M04,2006 Apr,7.6,-0.4,-5.0
LNU04032241,2006,M05,2006 May,7.0,-0.6,-7.9
LNU04032241,2006,M06,2006 Jun,7.4,0.4,5.7
LNU04032241,2006,M07,2006 Jul,6.8,-0.6,-8.1
LNU04032241,2006,M08,2006 Aug,6.9,0.1,1.5
LNU04032241,2006,M09,2006 Sep,6.9,0.0,0.0
LNU04032241,2006,M10,2006 Oct,6.6,-0.3,-4.3
LNU04032241,2006,M11,2006 Nov,7.1,0.5,7.6
LNU04032241,2006,M12,2006 Dec,5.9,-1.2,-16.9
LNU04032241,2007,M01,2007 Jan,7.8,1.9,32.2
LNU04032241,2007,M02,2007 Feb,7.4,-0.4,-5.1
LNU04032241,2007,M03,2007 Mar,7.0,-0.4,-5.4
LNU04032241,2007,M04,2007 Apr,6.9,-0.1,-1.4
LNU04032241,2007,M05,2007 May,6.8,-0.1,-1.4
LNU04032241,2007,M06,2007 Jun,7.2,0.4,5.9
LNU04032241,2007,M07,2007 Jul,7.3,0.1,1.4
LNU04032241,2007,M08,2007 Aug,7.1,-0.2,-2.7
LNU04032241,2007,M09,2007 Sep,7.4,0.3,4.2
LNU04032241,2007,M10,2007 Oct,7.5,0.1,1.4
LNU04032241,2007,M11,2007 Nov,8.1,0.6,8.0
LNU04032241,2007,M12,2007 Dec,7.9,-0.2,-2.5
LNU04032241,2008,M01,2008 Jan,9.4,1.5,19.0
LNU04032241,2008,M02,2008 Feb,8.5,-0.9,-9.6
LNU04032241,2008,M03,2008 Mar,7.6,-0.9,-10.6
LNU04032241,2008,M04,2008 Apr,6.9,-0.7,-9.2
LNU04032241,2008,M05,2008 May,8.4,1.5,21.7
LNU04032241,2008,M06,2008 Jun,8.9,0.5,6.0
LNU04032241,2008,M07,2008 Jul,8.8,-0.1,-1.1
LNU04032241,2008,M08,2008 Aug,8.7,-0.1,-1.1
LNU04032241,2008,M09,2008 Sep,8.2,-0.5,-5.7
LNU04032241,2008,M10,2008 Oct,8.9,0.7,8.5
LNU04032241,2008,M11,2008 Nov,9.9,1.0,11.2
LNU04032241,2008,M12,2008 Dec,9.5,-0.4,-4.0
LNU04032241,2009,M01,2009 Jan,11.5,2.0,21.1
LNU04032241,2009,M02,2009 Feb,11.4,-0.1,-0.9
LNU04032241,2009,M03,2009 Mar,11.6,0.2,1.8
LNU04032241,2009,M04,2009 Apr,10.2,-1.4,-12.1
LNU04032241,2009,M05,2009 May,11.9,1.7,16.7
LNU04032241,2009,M06,2009 Jun,12.1,0.2,1.7
LNU04032241,2009,M07,2009 Jul,11.2,-0.9,-7.4
LNU04032241,2009,M08,2009 Aug,12.0,0.8,7.1
LNU04032241,2009,M09,2009 Sep,11.4,-0.6,-5.0
LNU04032241,2009,M10,2009 Oct,12.4,1.0,8.8
LNU04032241,2009,M11,2009 Nov,11.9,-0.5,-4.0
LNU04032241,2009,M12,2009 Dec,12.6,0.7,5.9
LNU04032241,2010,M01,2010 Jan,14.2,1.6,12.7
LNU04032241,2010,M02,2010 Feb,12.7,-1.5,-10.6
LNU04032241,2010,M03,2010 Mar,12.5,-0.2,-1.6
LNU04032241,2010,M04,2010 Apr,12.8,0.3,2.4
LNU04032241,2010,M05,2010 May,12.4,-0.4,-3.1
LNU04032241,2010,M06,2010 Jun,12.3,-0.1,-0.8
LNU04032241,2010,M07,2010 Jul,11.4,-0.9,-7.3
LNU04032241,2010,M08,2010 Aug,10.8,-0.6,-5.3
LNU04032241,2010,M09,2010 Sep,11.4,0.6,5.6
LNU04032241,2010,M10,2010 Oct,11.1,-0.3,-2.6
LNU04032241,2010,M11,2010 Nov,12.4,1.3,11.7
LNU04032241,2010,M12,2010 Dec,12.0,-0.4,-3.2
LNU04032241,2011,M01,2011 Jan,13.8,1.8,15.0
LNU04032241,2011,M02,2011 Feb,13.8,0.0,0.0
LNU04032241,2011,M03,2011 Mar,13.2,-0.6,-4.3
LNU04032241,2011,M04,2011 Apr,11.7,-1.5,-11.4
LNU04032241,2011,M05,2011 May,10.6,-1.1,-9.4
LNU04032241,2011,M06,2011 Jun,10.9,0.3,2.8
LNU04032241,2011,M07,2011 Jul,10.9,0.0,0.0
LNU04032241,2011,M08,2011 Aug,10.5,-0.4,-3.7
LNU04032241,2011,M09,2011 Sep,11.3,0.8,7.6
LNU04032241,2011,M10,2011 Oct,10.8,-0.5,-4.4
LNU04032241,2011,M11,2011 Nov,11.1,0.3,2.8
LNU04032241,2011,M12,2011 Dec,10.8,-0.3,-2.7
LNU04032241,2012,M01,2012 Jan,12.6,1.8,16.7
LNU04032241,2012,M02,2012 Feb,11.6,-1.0,-7.9
LNU04032241,2012,M03,2012 Mar,10.9,-0.7,-6.0
LNU04032241,2012,M04,2012 Apr,9.8,-1.1,-10.1
LNU04032241,2012,M05,2012 May,9.7,-0.1,-1.0
LNU04032241,2012,M06,2012 Jun,9.8,0.1,1.0
LNU04032241,2012,M07,2012 Jul,9.7,-0.1,-1.0
LNU04032241,2012,M08,2012 Aug,10.1,0.4,4.1
LNU04032241,2012,M09,2012 Sep,9.7,-0.4,-4.0
LNU04032241,2012,M10,2012 Oct,9.9,0.2,2.1
LNU04032241,2012,M11,2012 Nov,10.3,0.4,4.0
LNU04032241,2012,M12,2012 Dec,10.8,0.5,4.9
LNU04032241,2013,M01,2013 Jan,12.0,1.2,11.1
LNU04032241,2013,M02,2013 Feb,11.2,-0.8,-6.7
LNU04032241,2013,M03,2013 Mar,10.8,-0.4,-3.6
LNU04032241,2013,M04,2013 Apr,9.6,-1.2,-11.1
LNU04032241,2013,M05,2013 May,10.4,0.8,8.3
LNU04032241,2013,M06,2013 Jun,10.7,0.3,2.9
LNU04032241,2013,M07,2013 Jul,10.0,-0.7,-6.5
LNU04032241,2013,M08,2013 Aug,9.3,-0.7,-7.0
LNU04032241,2013,M09,2013 Sep,9.0,-0.3,-3.2
LNU04032241,2013,M10,2013 Oct,8.8,-0.2,-2.2
LNU04032241,2013,M11,2013 Nov,9.0,0.2,2.3
LNU04032241,2013,M12,2013 Dec,9.0,0.0,0.0
LNU04032241,2014,M01,2014 Jan,9.5,0.5,5.6
LNU04032241,2014,M02,2014 Feb,10.3,0.8,8.4
LNU04032241,2014,M03,2014 Mar,10.2,-0.1,-1.0
LNU04032241,2014,M04,2014 Apr,8.0,-2.2,-21.6
LNU04032241,2014,M05,2014 May,8.1,0.1,1.3
LNU04032241,2014,M06,2014 Jun,8.6,0.5,6.2
LNU04032241,2014,M07,2014 Jul,8.1,-0.5,-5.8
LNU04032241,2014,M08,2014 Aug,8.1,0.0,0.0
LNU04032241,2014,M09,2014 Sep,8.3,0.2,2.5
LNU04032241,2014,M10,2014 Oct,8.5,0.2,2.4
LNU04032241,2014,M11,2014 Nov,8.2,-0.3,-3.5
LNU04032241,2014,M12,2014 Dec,7.5,-0.7,-8.5
LNU04032241,2015,M01,2015 Jan,9.4,1.9,25.3
LNU04032241,2015,M02,2015 Feb,8.8,-0.6,-6.4
LNU04032241,2015,M03,2015 Mar,8.6,-0.2,-2.3
LNU04032241,2015,M04,2015 Apr,7.8,-0.8,-9.3
LNU04032241,2015,M05,2015 May,7.9,0.1,1.3
LNU04032241,2015,M06,2015 Jun,7.5,-0.4,-5.1
LNU04032241,2015,M07,2015 Jul,7.7,0.2,2.7
LNU04032241,2015,M08,2015 Aug,7.2,-0.5,-6.5
LNU04032241,2015,M09,2015 Sep,7.5,0.3,4.2
LNU04032241,2015,M10,2015 Oct,8.0,0.5,6.7
LNU04032241,2015,M11,2015 Nov,7.4,-0.6,-7.5
LNU04032241,2015,M12,2015 Dec,7.4,0.0,0.0
LNU04032241,2016,M01,2016 Jan,7.7,0.3,4.1
LNU04032241,2016,M02,2016 Feb,7.1,-0.6,-7.8
LNU04032241,2016,M03,2016 Mar,7.2,0.1,1.4
LNU04032241,2016,M04,2016 Apr,6.5,-0.7,-9.7
LNU04032241,2016,M05,2016 May,6.6,0.1,1.5
LNU04032241,2016,M06,2016 Jun,6.6,0.0,0.0
LNU04032241,2016,M07,2016 Jul,6.0,-0.6,-9.1
LNU04032241,2016,M08,2016 Aug,6.6,0.6,10.0
LNU04032241,2016,M09,2016 Sep,6.5,-0.1,-1.5
LNU04032241,2016,M10,2016 Oct,6.7,0.2,3.1
LNU04032241,2016,M11,2016 Nov,7.1,0.4,6.0
LNU04032241,2016,M12,2016 Dec,6.4,-0.7,-9.9
LNU04032241,2017,M01,2017 Jan,7.9,1.5,23.4
LNU04032241,2017,M02,2017 Feb,7.0,-0.9,-11.4
LNU04032241,2017,M03,2017 Mar,6.3,-0.7,-10.0
LNU04032241,2017,M04,2017 Apr,5.9,-0.4,-6.3
LNU04032241,2017,M05,2017 May,6.3,0.4,6.8
LNU04032241,2017,M06,2017 Jun,6.1,-0.2,-3.2
LNU04032241,2017,M07,2017 Jul,4.9,-1.2,-19.7
LNU04032241,2017,M08,2017 Aug,5.2,0.3,6.1
LNU04032241,2017,M09,2017 Sep,5.0,-0.2,-3.8
LNU04032241,2017,M10,2017 Oct,5.8,0.8,16.0
LNU04032241,2017,M11,2017 Nov,6.6,0.8,13.8
LNU04032241,2017,M12,2017 Dec,6.2,-0.4,-6.1
LNU04032241,2018,M01,2018 Jan,6.8,0.6,9.7
LNU04032241,2018,M02,2018 Feb,6.8,0.0,0.0
LNU04032241,2018,M03,2018 Mar,5.8,-1.0,-14.7
LNU04032241,2018,M04,2018 Apr,5.2,-0.6,-10.3
LNU04032241,2018,M05,2018 May,4.9,-0.3,-5.8
LNU04032241,2018,M06,2018 Jun,5.7,0.8,16.3
LNU04032241,2018,M07,2018 Jul,5.2,-0.5,-8.8
LNU04032241,2018,M08,2018 Aug,5.8,0.6,11.5
LNU04032241,2018,M09,2018 Sep,5.4,-0.4,-6.9
LNU04032241,2018,M10,2018 Oct,5.4,0.0,0.0
LNU04032241,2018,M11,2018 Nov,5.3,-0.1,-1.9
LNU04032241,2018,M12,2018 Dec,6.0,0.7,13.2
LNU04032241,2019,M01,2019 Jan,6.4,0.4,6.7
LNU04032241,2019,M02,2019 Feb,5.8,-0.6,-9.4
LNU04032241,2019,M03,2019 Mar,5.8,0.0,0.0
LNU04032241,2019,M04,2019 Apr,4.5,-1.3,-22.4
LNU04032241,2019,M05,2019 May,5.0,0.5,11.1
LNU04032241,2019,M06,2019 Jun,4.9,-0.1,-2.0
LNU04032241,2019,M07,2019 Jul,5.3,0.4,8.2
LNU04032241,2019,M08,2019 Aug,5.0,-0.3,-5.7
LNU04032241,2019,M09,2019 Sep,4.8,-0.2,-4.0
LNU04032241,2019,M10,2019 Oct,5.3,0.5,10.4
LNU04032241,2019,M11,2019 Nov,4.9,-0.4,-7.5
LNU04032241,2019,M12,2019 Dec,5.0,0.1,2.0
LNU04032241,2020,M01,2020 Jan,5.9,0.9,18.0
LNU04032241,2020,M02,2020 Feb,5.7,-0.2,-3.4
LNU04032241,2020,M03,2020 Mar,8.1,2.4,42.1
LNU04032241,2020,M04,2020 Apr,39.3,31.2,385.2
LNU04032241,2020,M05,2020 May,35.9,-3.4,-8.7
LNU04032241,2020,M06,2020 Jun,28.9,-7.0,-19.5
LNU04032241,2020,M07,2020 Jul,25.0,-3.9,-13.5
LNU04032241,2020,M08,2020 Aug,21.3,-3.7,-14.8
LNU04032241,2020,M09,2020 Sep,19.0,-2.3,-10.8
LNU04032241,2020,M10,2020 Oct,16.3,-2.7,-14.2
LNU04032241,2020,M11,2020 Nov,15.0,-1.3,-8.0
LNU04032241,2020,M12,2020 Dec,16.7,1.7,11.3
LNU04032241,2021,M01,2021 Jan,15.9,-0.8,-4.8
LNU04032241,2021,M02,2021 Feb,13.5,-2.4,-15.1
LNU04032241,2021,M03,2021 Mar,13.0,-0.5,-3.7
LNU04032241,2021,M04,2021 Apr,10.8,-2.2,-16.9
LNU04032241,2021,M05,2021 May,10.1,-0.7,-6.5
LNU04032241,2021,M06,2021 Jun,10.9,0.8,7.9
LNU04032241,2021,M07,2021 Jul,9.0,-1.9,-17.4
LNU04032241,2021,M08,2021 Aug,9.1,0.1,1.1
LNU04032241,2021,M09,2021 Sep,7.7,-1.4,-15.4
LNU04032241,2021,M10,2021 Oct,7.5,-0.2,-2.6
LNU04032241,2021,M11,2021 Nov,7.5,0.0,0.0
LNU04032241,2021,M12,2021 Dec,6.7,-0.8,-10.7
LNU04032241,2022,M01,2022 Jan,8.2,1.5,22.4
LNU04032241,2022,M02,2022 Feb,6.6,-1.6,-19.5
LNU04032241,2022,M03,2022 Mar,5.9,-0.7,-10.6
LNU04032241,2022,M04,2022 Apr,4.8,-1.1,-18.6
LNU04032241,2022,M05,2022 May,5.1,0.3,6.3
LNU04032241,2022,M06,2022 Jun,5.2,0.1,2.0
LNU04032241,2022,M07,2022 Jul,4.8,-0.4,-7.7
LNU04032241,2022,M08,2022 Aug,6.1,1.3,27.1
