Series ID,Year,Period,Label,Value,1-Month Net Change,1-Month % Change
JTU510000000000000JOL,2006,M01,2006 Jan,150,54,56.3
JTU510000000000000JOL,2006,M02,2006 Feb,109,-41,-27.3
JTU510000000000000JOL,2006,M03,2006 Mar,113,4,3.7
JTU510000000000000JOL,2006,M04,2006 Apr,159,46,40.7
JTU510000000000000JOL,2006,M05,2006 May,130,-29,-18.2
JTU510000000000000JOL,2006,M06,2006 Jun,132,2,1.5
JTU510000000000000JOL,2006,M07,2006 Jul,153,21,15.9
JTU510000000000000JOL,2006,M08,2006 Aug,156,3,2.0
JTU510000000000000JOL,2006,M09,2006 Sep,162,6,3.8
JTU510000000000000JOL,2006,M10,2006 Oct,164,2,1.2
JTU510000000000000JOL,2006,M11,2006 Nov,152,-12,-7.3
JTU510000000000000JOL,2006,M12,2006 Dec,147,-5,-3.3
JTU510000000000000JOL,2007,M01,2007 Jan,173,26,17.7
JTU510000000000000JOL,2007,M02,2007 Feb,165,-8,-4.6
JTU510000000000000JOL,2007,M03,2007 Mar,155,-10,-6.1
JTU510000000000000JOL,2007,M04,2007 Apr,170,15,9.7
JTU510000000000000JOL,2007,M05,2007 May,180,10,5.9
JTU510000000000000JOL,2007,M06,2007 Jun,178,-2,-1.1
JTU510000000000000JOL,2007,M07,2007 Jul,160,-18,-10.1
JTU510000000000000JOL,2007,M08,2007 Aug,127,-33,-20.6
JTU510000000000000JOL,2007,M09,2007 Sep,117,-10,-7.9
JTU510000000000000JOL,2007,M10,2007 Oct,111,-6,-5.1
JTU510000000000000JOL,2007,M11,2007 Nov,119,8,7.2
JTU510000000000000JOL,2007,M12,2007 Dec,98,-21,-17.6
JTU510000000000000JOL,2008,M01,2008 Jan,83,-15,-15.3
JTU510000000000000JOL,2008,M02,2008 Feb,62,-21,-25.3
JTU510000000000000JOL,2008,M03,2008 Mar,80,18,29.0
JTU510000000000000JOL,2008,M04,2008 Apr,94,14,17.5
JTU510000000000000JOL,2008,M05,2008 May,76,-18,-19.1
JTU510000000000000JOL,2008,M06,2008 Jun,95,19,25.0
JTU510000000000000JOL,2008,M07,2008 Jul,70,-25,-26.3
JTU510000000000000JOL,2008,M08,2008 Aug,77,7,10.0
JTU510000000000000JOL,2008,M09,2008 Sep,59,-18,-23.4
JTU510000000000000JOL,2008,M10,2008 Oct,74,15,25.4
JTU510000000000000JOL,2008,M11,2008 Nov,61,-13,-17.6
JTU510000000000000JOL,2008,M12,2008 Dec,51,-10,-16.4
JTU510000000000000JOL,2009,M01,2009 Jan,79,28,54.9
JTU510000000000000JOL,2009,M02,2009 Feb,65,-14,-17.7
JTU510000000000000JOL,2009,M03,2009 Mar,44,-21,-32.3
JTU510000000000000JOL,2009,M04,2009 Apr,37,-7,-15.9
JTU510000000000000JOL,2009,M05,2009 May,38,1,2.7
JTU510000000000000JOL,2009,M06,2009 Jun,44,6,15.8
JTU510000000000000JOL,2009,M07,2009 Jul,41,-3,-6.8
JTU510000000000000JOL,2009,M08,2009 Aug,38,-3,-7.3
JTU510000000000000JOL,2009,M09,2009 Sep,55,17,44.7
JTU510000000000000JOL,2009,M10,2009 Oct,72,17,30.9
JTU510000000000000JOL,2009,M11,2009 Nov,36,-36,-50.0
JTU510000000000000JOL,2009,M12,2009 Dec,51,15,41.7
JTU510000000000000JOL,2010,M01,2010 Jan,96,45,88.2
JTU510000000000000JOL,2010,M02,2010 Feb,73,-23,-24.0
JTU510000000000000JOL,2010,M03,2010 Mar,51,-22,-30.1
JTU510000000000000JOL,2010,M04,2010 Apr,80,29,56.9
JTU510000000000000JOL,2010,M05,2010 May,78,-2,-2.5
JTU510000000000000JOL,2010,M06,2010 Jun,56,-22,-28.2
JTU510000000000000JOL,2010,M07,2010 Jul,98,42,75.0
JTU510000000000000JOL,2010,M08,2010 Aug,87,-11,-11.2
JTU510000000000000JOL,2010,M09,2010 Sep,63,-24,-27.6
JTU510000000000000JOL,2010,M10,2010 Oct,64,1,1.6
JTU510000000000000JOL,2010,M11,2010 Nov,72,8,12.5
JTU510000000000000JOL,2010,M12,2010 Dec,72,0,0.0
JTU510000000000000JOL,2011,M01,2011 Jan,94,22,30.6
JTU510000000000000JOL,2011,M02,2011 Feb,66,-28,-29.8
JTU510000000000000JOL,2011,M03,2011 Mar,104,38,57.6
JTU510000000000000JOL,2011,M04,2011 Apr,106,2,1.9
JTU510000000000000JOL,2011,M05,2011 May,103,-3,-2.8
JTU510000000000000JOL,2011,M06,2011 Jun,86,-17,-16.5
JTU510000000000000JOL,2011,M07,2011 Jul,108,22,25.6
JTU510000000000000JOL,2011,M08,2011 Aug,113,5,4.6
JTU510000000000000JOL,2011,M09,2011 Sep,115,2,1.8
JTU510000000000000JOL,2011,M10,2011 Oct,124,9,7.8
JTU510000000000000JOL,2011,M11,2011 Nov,95,-29,-23.4
JTU510000000000000JOL,2011,M12,2011 Dec,98,3,3.2
JTU510000000000000JOL,2012,M01,2012 Jan,91,-7,-7.1
JTU510000000000000JOL,2012,M02,2012 Feb,92,1,1.1
JTU510000000000000JOL,2012,M03,2012 Mar,98,6,6.5
JTU510000000000000JOL,2012,M04,2012 Apr,117,19,19.4
JTU510000000000000JOL,2012,M05,2012 May,80,-37,-31.6
JTU510000000000000JOL,2012,M06,2012 Jun,94,14,17.5
JTU510000000000000JOL,2012,M07,2012 Jul,78,-16,-17.0
JTU510000000000000JOL,2012,M08,2012 Aug,97,19,24.4
JTU510000000000000JOL,2012,M09,2012 Sep,93,-4,-4.1
JTU510000000000000JOL,2012,M10,2012 Oct,95,2,2.2
JTU510000000000000JOL,2012,M11,2012 Nov,107,12,12.6
JTU510000000000000JOL,2012,M12,2012 Dec,77,-30,-28.0
JTU510000000000000JOL,2013,M01,2013 Jan,77,0,0.0
JTU510000000000000JOL,2013,M02,2013 Feb,103,26,33.8
JTU510000000000000JOL,2013,M03,2013 Mar,96,-7,-6.8
JTU510000000000000JOL,2013,M04,2013 Apr,76,-20,-20.8
JTU510000000000000JOL,2013,M05,2013 May,95,19,25.0
JTU510000000000000JOL,2013,M06,2013 Jun,93,-2,-2.1
JTU510000000000000JOL,2013,M07,2013 Jul,111,18,19.4
JTU510000000000000JOL,2013,M08,2013 Aug,75,-36,-32.4
JTU510000000000000JOL,2013,M09,2013 Sep,97,22,29.3
JTU510000000000000JOL,2013,M10,2013 Oct,138,41,42.3
JTU510000000000000JOL,2013,M11,2013 Nov,119,-19,-13.8
JTU510000000000000JOL,2013,M12,2013 Dec,101,-18,-15.1
JTU510000000000000JOL,2014,M01,2014 Jan,110,9,8.9
JTU510000000000000JOL,2014,M02,2014 Feb,102,-8,-7.3
JTU510000000000000JOL,2014,M03,2014 Mar,102,0,0.0
JTU510000000000000JOL,2014,M04,2014 Apr,128,26,25.5
JTU510000000000000JOL,2014,M05,2014 May,104,-24,-18.8
JTU510000000000000JOL,2014,M06,2014 Jun,91,-13,-12.5
JTU510000000000000JOL,2014,M07,2014 Jul,121,30,33.0
JTU510000000000000JOL,2014,M08,2014 Aug,115,-6,-5.0
JTU510000000000000JOL,2014,M09,2014 Sep,100,-15,-13.0
JTU510000000000000JOL,2014,M10,2014 Oct,97,-3,-3.0
JTU510000000000000JOL,2014,M11,2014 Nov,130,33,34.0
JTU510000000000000JOL,2014,M12,2014 Dec,96,-34,-26.2
JTU510000000000000JOL,2015,M01,2015 Jan,112,16,16.7
JTU510000000000000JOL,2015,M02,2015 Feb,124,12,10.7
JTU510000000000000JOL,2015,M03,2015 Mar,105,-19,-15.3
JTU510000000000000JOL,2015,M04,2015 Apr,121,16,15.2
JTU510000000000000JOL,2015,M05,2015 May,100,-21,-17.4
JTU510000000000000JOL,2015,M06,2015 Jun,102,2,2.0
JTU510000000000000JOL,2015,M07,2015 Jul,138,36,35.3
JTU510000000000000JOL,2015,M08,2015 Aug,119,-19,-13.8
JTU510000000000000JOL,2015,M09,2015 Sep,112,-7,-5.9
JTU510000000000000JOL,2015,M10,2015 Oct,126,14,12.5
JTU510000000000000JOL,2015,M11,2015 Nov,71,-55,-43.7
JTU510000000000000JOL,2015,M12,2015 Dec,100,29,40.8
JTU510000000000000JOL,2016,M01,2016 Jan,109,9,9.0
JTU510000000000000JOL,2016,M02,2016 Feb,89,-20,-18.3
JTU510000000000000JOL,2016,M03,2016 Mar,84,-5,-5.6
JTU510000000000000JOL,2016,M04,2016 Apr,93,9,10.7
JTU510000000000000JOL,2016,M05,2016 May,107,14,15.1
JTU510000000000000JOL,2016,M06,2016 Jun,82,-25,-23.4
JTU510000000000000JOL,2016,M07,2016 Jul,93,11,13.4
JTU510000000000000JOL,2016,M08,2016 Aug,86,-7,-7.5
JTU510000000000000JOL,2016,M09,2016 Sep,104,18,20.9
JTU510000000000000JOL,2016,M10,2016 Oct,92,-12,-11.5
JTU510000000000000JOL,2016,M11,2016 Nov,78,-14,-15.2
JTU510000000000000JOL,2016,M12,2016 Dec,74,-4,-5.1
JTU510000000000000JOL,2017,M01,2017 Jan,92,18,24.3
JTU510000000000000JOL,2017,M02,2017 Feb,61,-31,-33.7
JTU510000000000000JOL,2017,M03,2017 Mar,77,16,26.2
JTU510000000000000JOL,2017,M04,2017 Apr,112,35,45.5
JTU510000000000000JOL,2017,M05,2017 May,102,-10,-8.9
JTU510000000000000JOL,2017,M06,2017 Jun,106,4,3.9
JTU510000000000000JOL,2017,M07,2017 Jul,115,9,8.5
JTU510000000000000JOL,2017,M08,2017 Aug,129,14,12.2
JTU510000000000000JOL,2017,M09,2017 Sep,112,-17,-13.2
JTU510000000000000JOL,2017,M10,2017 Oct,96,-16,-14.3
JTU510000000000000JOL,2017,M11,2017 Nov,86,-10,-10.4
JTU510000000000000JOL,2017,M12,2017 Dec,116,30,34.9
JTU510000000000000JOL,2018,M01,2018 Jan,130,14,12.1
JTU510000000000000JOL,2018,M02,2018 Feb,122,-8,-6.2
JTU510000000000000JOL,2018,M03,2018 Mar,128,6,4.9
JTU510000000000000JOL,2018,M04,2018 Apr,185,57,44.5
JTU510000000000000JOL,2018,M05,2018 May,122,-63,-34.1
JTU510000000000000JOL,2018,M06,2018 Jun,132,10,8.2
JTU510000000000000JOL,2018,M07,2018 Jul,160,28,21.2
JTU510000000000000JOL,2018,M08,2018 Aug,154,-6,-3.8
JTU510000000000000JOL,2018,M09,2018 Sep,120,-34,-22.1
JTU510000000000000JOL,2018,M10,2018 Oct,148,28,23.3
JTU510000000000000JOL,2018,M11,2018 Nov,128,-20,-13.5
JTU510000000000000JOL,2018,M12,2018 Dec,124,-4,-3.1
JTU510000000000000JOL,2019,M01,2019 Jan,143,19,15.3
JTU510000000000000JOL,2019,M02,2019 Feb,126,-17,-11.9
JTU510000000000000JOL,2019,M03,2019 Mar,149,23,18.3
JTU510000000000000JOL,2019,M04,2019 Apr,119,-30,-20.1
JTU510000000000000JOL,2019,M05,2019 May,125,6,5.0
JTU510000000000000JOL,2019,M06,2019 Jun,127,2,1.6
JTU510000000000000JOL,2019,M07,2019 Jul,173,46,36.2
JTU510000000000000JOL,2019,M08,2019 Aug,136,-37,-21.4
JTU510000000000000JOL,2019,M09,2019 Sep,178,42,30.9
JTU510000000000000JOL,2019,M10,2019 Oct,150,-28,-15.7
JTU510000000000000JOL,2019,M11,2019 Nov,133,-17,-11.3
JTU510000000000000JOL,2019,M12,2019 Dec,136,3,2.3
JTU510000000000000JOL,2020,M01,2020 Jan,126,-10,-7.4
JTU510000000000000JOL,2020,M02,2020 Feb,132,6,4.8
JTU510000000000000JOL,2020,M03,2020 Mar,117,-15,-11.4
JTU510000000000000JOL,2020,M04,2020 Apr,130,13,11.1
JTU510000000000000JOL,2020,M05,2020 May,74,-56,-43.1
JTU510000000000000JOL,2020,M06,2020 Jun,91,17,23.0
JTU510000000000000JOL,2020,M07,2020 Jul,100,9,9.9
JTU510000000000000JOL,2020,M08,2020 Aug,83,-17,-17.0
JTU510000000000000JOL,2020,M09,2020 Sep,124,41,49.4
JTU510000000000000JOL,2020,M10,2020 Oct,128,4,3.2
JTU510000000000000JOL,2020,M11,2020 Nov,96,-32,-25.0
JTU510000000000000JOL,2020,M12,2020 Dec,119,23,24.0
JTU510000000000000JOL,2021,M01,2021 Jan,166,47,39.5
JTU510000000000000JOL,2021,M02,2021 Feb,107,-59,-35.5
JTU510000000000000JOL,2021,M03,2021 Mar,106,-1,-0.9
JTU510000000000000JOL,2021,M04,2021 Apr,131,25,23.6
JTU510000000000000JOL,2021,M05,2021 May,135,4,3.1
JTU510000000000000JOL,2021,M06,2021 Jun,141,6,4.4
JTU510000000000000JOL,2021,M07,2021 Jul,193,52,36.9
JTU510000000000000JOL,2021,M08,2021 Aug,182,-11,-5.7
JTU510000000000000JOL,2021,M09,2021 Sep,185,3,1.6
JTU510000000000000JOL,2021,M10,2021 Oct,185,0,0.0
JTU510000000000000JOL,2021,M11,2021 Nov,182,-3,-1.6
JTU510000000000000JOL,2021,M12,2021 Dec,242,60,33.0
JTU510000000000000JOL,2022,M01,2022 Jan,220,-22,-9.1
JTU510000000000000JOL,2022,M02,2022 Feb,170,-50,-22.7
JTU510000000000000JOL,2022,M03,2022 Mar,218,48,28.2
JTU510000000000000JOL,2022,M04,2022 Apr,279,61,28.0
JTU510000000000000JOL,2022,M05,2022 May,239,-40,-14.3
JTU510000000000000JOL,2022,M06,2022 Jun,229,-10,-4.2
JTU510000000000000JOL,2022,M07,2022 Jul,229,0,0.0
