Series ID,Year,Period,Label,Value,1-Month Net Change,1-Month % Change
JTU510000000000000TSL,2006,M01,2006 Jan,109,27,32.9
JTU510000000000000TSL,2006,M02,2006 Feb,106,-3,-2.8
JTU510000000000000TSL,2006,M03,2006 Mar,82,-24,-22.6
JTU510000000000000TSL,2006,M04,2006 Apr,103,21,25.6
JTU510000000000000TSL,2006,M05,2006 May,91,-12,-11.7
JTU510000000000000TSL,2006,M06,2006 Jun,90,-1,-1.1
JTU510000000000000TSL,2006,M07,2006 Jul,112,22,24.4
JTU510000000000000TSL,2006,M08,2006 Aug,99,-13,-11.6
JTU510000000000000TSL,2006,M09,2006 Sep,91,-8,-8.1
JTU510000000000000TSL,2006,M10,2006 Oct,100,9,9.9
JTU510000000000000TSL,2006,M11,2006 Nov,84,-16,-16.0
JTU510000000000000TSL,2006,M12,2006 Dec,72,-12,-14.3
JTU510000000000000TSL,2007,M01,2007 Jan,121,49,68.1
JTU510000000000000TSL,2007,M02,2007 Feb,85,-36,-29.8
JTU510000000000000TSL,2007,M03,2007 Mar,76,-9,-10.6
JTU510000000000000TSL,2007,M04,2007 Apr,87,11,14.5
JTU510000000000000TSL,2007,M05,2007 May,74,-13,-14.9
JTU510000000000000TSL,2007,M06,2007 Jun,80,6,8.1
JTU510000000000000TSL,2007,M07,2007 Jul,92,12,15.0
JTU510000000000000TSL,2007,M08,2007 Aug,106,14,15.2
JTU510000000000000TSL,2007,M09,2007 Sep,76,-30,-28.3
JTU510000000000000TSL,2007,M10,2007 Oct,78,2,2.6
JTU510000000000000TSL,2007,M11,2007 Nov,58,-20,-25.6
JTU510000000000000TSL,2007,M12,2007 Dec,62,4,6.9
JTU510000000000000TSL,2008,M01,2008 Jan,99,37,59.7
JTU510000000000000TSL,2008,M02,2008 Feb,67,-32,-32.3
JTU510000000000000TSL,2008,M03,2008 Mar,64,-3,-4.5
JTU510000000000000TSL,2008,M04,2008 Apr,75,11,17.2
JTU510000000000000TSL,2008,M05,2008 May,56,-19,-25.3
JTU510000000000000TSL,2008,M06,2008 Jun,69,13,23.2
JTU510000000000000TSL,2008,M07,2008 Jul,74,5,7.2
JTU510000000000000TSL,2008,M08,2008 Aug,69,-5,-6.8
JTU510000000000000TSL,2008,M09,2008 Sep,73,4,5.8
JTU510000000000000TSL,2008,M10,2008 Oct,97,24,32.9
JTU510000000000000TSL,2008,M11,2008 Nov,67,-30,-30.9
JTU510000000000000TSL,2008,M12,2008 Dec,83,16,23.9
JTU510000000000000TSL,2009,M01,2009 Jan,99,16,19.3
JTU510000000000000TSL,2009,M02,2009 Feb,63,-36,-36.4
JTU510000000000000TSL,2009,M03,2009 Mar,72,9,14.3
JTU510000000000000TSL,2009,M04,2009 Apr,82,10,13.9
JTU510000000000000TSL,2009,M05,2009 May,76,-6,-7.3
JTU510000000000000TSL,2009,M06,2009 Jun,66,-10,-13.2
JTU510000000000000TSL,2009,M07,2009 Jul,98,32,48.5
JTU510000000000000TSL,2009,M08,2009 Aug,74,-24,-24.5
JTU510000000000000TSL,2009,M09,2009 Sep,54,-20,-27.0
JTU510000000000000TSL,2009,M10,2009 Oct,77,23,42.6
JTU510000000000000TSL,2009,M11,2009 Nov,70,-7,-9.1
JTU510000000000000TSL,2009,M12,2009 Dec,80,10,14.3
JTU510000000000000TSL,2010,M01,2010 Jan,85,5,6.3
JTU510000000000000TSL,2010,M02,2010 Feb,46,-39,-45.9
JTU510000000000000TSL,2010,M03,2010 Mar,68,22,47.8
JTU510000000000000TSL,2010,M04,2010 Apr,48,-20,-29.4
JTU510000000000000TSL,2010,M05,2010 May,51,3,6.3
JTU510000000000000TSL,2010,M06,2010 Jun,53,2,3.9
JTU510000000000000TSL,2010,M07,2010 Jul,67,14,26.4
JTU510000000000000TSL,2010,M08,2010 Aug,62,-5,-7.5
JTU510000000000000TSL,2010,M09,2010 Sep,65,3,4.8
JTU510000000000000TSL,2010,M10,2010 Oct,68,3,4.6
JTU510000000000000TSL,2010,M11,2010 Nov,62,-6,-8.8
JTU510000000000000TSL,2010,M12,2010 Dec,77,15,24.2
JTU510000000000000TSL,2011,M01,2011 Jan,79,2,2.6
JTU510000000000000TSL,2011,M02,2011 Feb,48,-31,-39.2
JTU510000000000000TSL,2011,M03,2011 Mar,56,8,16.7
JTU510000000000000TSL,2011,M04,2011 Apr,65,9,16.1
JTU510000000000000TSL,2011,M05,2011 May,56,-9,-13.8
JTU510000000000000TSL,2011,M06,2011 Jun,59,3,5.4
JTU510000000000000TSL,2011,M07,2011 Jul,68,9,15.3
JTU510000000000000TSL,2011,M08,2011 Aug,70,2,2.9
JTU510000000000000TSL,2011,M09,2011 Sep,65,-5,-7.1
JTU510000000000000TSL,2011,M10,2011 Oct,58,-7,-10.8
JTU510000000000000TSL,2011,M11,2011 Nov,54,-4,-6.9
JTU510000000000000TSL,2011,M12,2011 Dec,70,16,29.6
JTU510000000000000TSL,2012,M01,2012 Jan,81,11,15.7
JTU510000000000000TSL,2012,M02,2012 Feb,54,-27,-33.3
JTU510000000000000TSL,2012,M03,2012 Mar,60,6,11.1
JTU510000000000000TSL,2012,M04,2012 Apr,63,3,5.0
JTU510000000000000TSL,2012,M05,2012 May,64,1,1.6
JTU510000000000000TSL,2012,M06,2012 Jun,65,1,1.6
JTU510000000000000TSL,2012,M07,2012 Jul,59,-6,-9.2
JTU510000000000000TSL,2012,M08,2012 Aug,89,30,50.8
JTU510000000000000TSL,2012,M09,2012 Sep,69,-20,-22.5
JTU510000000000000TSL,2012,M10,2012 Oct,67,-2,-2.9
JTU510000000000000TSL,2012,M11,2012 Nov,51,-16,-23.9
JTU510000000000000TSL,2012,M12,2012 Dec,64,13,25.5
JTU510000000000000TSL,2013,M01,2013 Jan,92,28,43.8
JTU510000000000000TSL,2013,M02,2013 Feb,47,-45,-48.9
JTU510000000000000TSL,2013,M03,2013 Mar,45,-2,-4.3
JTU510000000000000TSL,2013,M04,2013 Apr,72,27,60.0
JTU510000000000000TSL,2013,M05,2013 May,65,-7,-9.7
JTU510000000000000TSL,2013,M06,2013 Jun,88,23,35.4
JTU510000000000000TSL,2013,M07,2013 Jul,92,4,4.5
JTU510000000000000TSL,2013,M08,2013 Aug,119,27,29.3
JTU510000000000000TSL,2013,M09,2013 Sep,86,-33,-27.7
JTU510000000000000TSL,2013,M10,2013 Oct,70,-16,-18.6
JTU510000000000000TSL,2013,M11,2013 Nov,56,-14,-20.0
JTU510000000000000TSL,2013,M12,2013 Dec,77,21,37.5
JTU510000000000000TSL,2014,M01,2014 Jan,113,36,46.8
JTU510000000000000TSL,2014,M02,2014 Feb,78,-35,-31.0
JTU510000000000000TSL,2014,M03,2014 Mar,81,3,3.8
JTU510000000000000TSL,2014,M04,2014 Apr,82,1,1.2
JTU510000000000000TSL,2014,M05,2014 May,73,-9,-11.0
JTU510000000000000TSL,2014,M06,2014 Jun,74,1,1.4
JTU510000000000000TSL,2014,M07,2014 Jul,105,31,41.9
JTU510000000000000TSL,2014,M08,2014 Aug,73,-32,-30.5
JTU510000000000000TSL,2014,M09,2014 Sep,82,9,12.3
JTU510000000000000TSL,2014,M10,2014 Oct,88,6,7.3
JTU510000000000000TSL,2014,M11,2014 Nov,73,-15,-17.0
JTU510000000000000TSL,2014,M12,2014 Dec,69,-4,-5.5
JTU510000000000000TSL,2015,M01,2015 Jan,95,26,37.7
JTU510000000000000TSL,2015,M02,2015 Feb,68,-27,-28.4
JTU510000000000000TSL,2015,M03,2015 Mar,78,10,14.7
JTU510000000000000TSL,2015,M04,2015 Apr,81,3,3.8
JTU510000000000000TSL,2015,M05,2015 May,76,-5,-6.2
JTU510000000000000TSL,2015,M06,2015 Jun,82,6,7.9
JTU510000000000000TSL,2015,M07,2015 Jul,90,8,9.8
JTU510000000000000TSL,2015,M08,2015 Aug,88,-2,-2.2
JTU510000000000000TSL,2015,M09,2015 Sep,78,-10,-11.4
JTU510000000000000TSL,2015,M10,2015 Oct,85,7,9.0
JTU510000000000000TSL,2015,M11,2015 Nov,69,-16,-18.8
JTU510000000000000TSL,2015,M12,2015 Dec,59,-10,-14.5
JTU510000000000000TSL,2016,M01,2016 Jan,104,45,76.3
JTU510000000000000TSL,2016,M02,2016 Feb,66,-38,-36.5
JTU510000000000000TSL,2016,M03,2016 Mar,61,-5,-7.6
JTU510000000000000TSL,2016,M04,2016 Apr,93,32,52.5
JTU510000000000000TSL,2016,M05,2016 May,73,-20,-21.5
JTU510000000000000TSL,2016,M06,2016 Jun,75,2,2.7
JTU510000000000000TSL,2016,M07,2016 Jul,87,12,16.0
JTU510000000000000TSL,2016,M08,2016 Aug,80,-7,-8.0
JTU510000000000000TSL,2016,M09,2016 Sep,77,-3,-3.8
JTU510000000000000TSL,2016,M10,2016 Oct,74,-3,-3.9
JTU510000000000000TSL,2016,M11,2016 Nov,66,-8,-10.8
JTU510000000000000TSL,2016,M12,2016 Dec,73,7,10.6
JTU510000000000000TSL,2017,M01,2017 Jan,96,23,31.5
JTU510000000000000TSL,2017,M02,2017 Feb,79,-17,-17.7
JTU510000000000000TSL,2017,M03,2017 Mar,70,-9,-11.4
JTU510000000000000TSL,2017,M04,2017 Apr,77,7,10.0
JTU510000000000000TSL,2017,M05,2017 May,77,0,0.0
JTU510000000000000TSL,2017,M06,2017 Jun,84,7,9.1
JTU510000000000000TSL,2017,M07,2017 Jul,90,6,7.1
JTU510000000000000TSL,2017,M08,2017 Aug,93,3,3.3
JTU510000000000000TSL,2017,M09,2017 Sep,101,8,8.6
JTU510000000000000TSL,2017,M10,2017 Oct,84,-17,-16.8
JTU510000000000000TSL,2017,M11,2017 Nov,69,-15,-17.9
JTU510000000000000TSL,2017,M12,2017 Dec,93,24,34.8
JTU510000000000000TSL,2018,M01,2018 Jan,116,23,24.7
JTU510000000000000TSL,2018,M02,2018 Feb,83,-33,-28.4
JTU510000000000000TSL,2018,M03,2018 Mar,76,-7,-8.4
JTU510000000000000TSL,2018,M04,2018 Apr,87,11,14.5
JTU510000000000000TSL,2018,M05,2018 May,93,6,6.9
JTU510000000000000TSL,2018,M06,2018 Jun,98,5,5.4
JTU510000000000000TSL,2018,M07,2018 Jul,87,-11,-11.2
JTU510000000000000TSL,2018,M08,2018 Aug,98,11,12.6
JTU510000000000000TSL,2018,M09,2018 Sep,88,-10,-10.2
JTU510000000000000TSL,2018,M10,2018 Oct,67,-21,-23.9
JTU510000000000000TSL,2018,M11,2018 Nov,80,13,19.4
JTU510000000000000TSL,2018,M12,2018 Dec,84,4,5.0
JTU510000000000000TSL,2019,M01,2019 Jan,123,39,46.4
JTU510000000000000TSL,2019,M02,2019 Feb,78,-45,-36.6
JTU510000000000000TSL,2019,M03,2019 Mar,82,4,5.1
JTU510000000000000TSL,2019,M04,2019 Apr,104,22,26.8
JTU510000000000000TSL,2019,M05,2019 May,94,-10,-9.6
JTU510000000000000TSL,2019,M06,2019 Jun,83,-11,-11.7
JTU510000000000000TSL,2019,M07,2019 Jul,108,25,30.1
JTU510000000000000TSL,2019,M08,2019 Aug,101,-7,-6.5
JTU510000000000000TSL,2019,M09,2019 Sep,82,-19,-18.8
JTU510000000000000TSL,2019,M10,2019 Oct,84,2,2.4
JTU510000000000000TSL,2019,M11,2019 Nov,68,-16,-19.0
JTU510000000000000TSL,2019,M12,2019 Dec,94,26,38.2
JTU510000000000000TSL,2020,M01,2020 Jan,93,-1,-1.1
JTU510000000000000TSL,2020,M02,2020 Feb,76,-17,-18.3
JTU510000000000000TSL,2020,M03,2020 Mar,232,156,205.3
JTU510000000000000TSL,2020,M04,2020 Apr,215,-17,-7.3
JTU510000000000000TSL,2020,M05,2020 May,67,-148,-68.8
JTU510000000000000TSL,2020,M06,2020 Jun,78,11,16.4
JTU510000000000000TSL,2020,M07,2020 Jul,67,-11,-14.1
JTU510000000000000TSL,2020,M08,2020 Aug,81,14,20.9
JTU510000000000000TSL,2020,M09,2020 Sep,60,-21,-25.9
JTU510000000000000TSL,2020,M10,2020 Oct,71,11,18.3
JTU510000000000000TSL,2020,M11,2020 Nov,65,-6,-8.5
JTU510000000000000TSL,2020,M12,2020 Dec,67,2,3.1
JTU510000000000000TSL,2021,M01,2021 Jan,87,20,29.9
JTU510000000000000TSL,2021,M02,2021 Feb,66,-21,-24.1
JTU510000000000000TSL,2021,M03,2021 Mar,79,13,19.7
JTU510000000000000TSL,2021,M04,2021 Apr,97,18,22.8
JTU510000000000000TSL,2021,M05,2021 May,88,-9,-9.3
JTU510000000000000TSL,2021,M06,2021 Jun,94,6,6.8
JTU510000000000000TSL,2021,M07,2021 Jul,88,-6,-6.4
JTU510000000000000TSL,2021,M08,2021 Aug,105,17,19.3
JTU510000000000000TSL,2021,M09,2021 Sep,107,2,1.9
JTU510000000000000TSL,2021,M10,2021 Oct,99,-8,-7.5
JTU510000000000000TSL,2021,M11,2021 Nov,80,-19,-19.2
JTU510000000000000TSL,2021,M12,2021 Dec,111,31,38.8
JTU510000000000000TSL,2022,M01,2022 Jan,136,25,22.5
JTU510000000000000TSL,2022,M02,2022 Feb,68,-68,-50.0
JTU510000000000000TSL,2022,M03,2022 Mar,68,0,0.0
JTU510000000000000TSL,2022,M04,2022 Apr,88,20,29.4
JTU510000000000000TSL,2022,M05,2022 May,86,-2,-2.3
JTU510000000000000TSL,2022,M06,2022 Jun,100,14,16.3
