Series ID,Year,Period,Label,Value,1-Month Net Change,1-Month % Change
JTS000000000000000JOL,2006,M01,2006 Jan,4397,115,2.7
JTS000000000000000JOL,2006,M02,2006 Feb,4325,-72,-1.6
JTS000000000000000JOL,2006,M03,2006 Mar,4732,407,9.4
JTS000000000000000JOL,2006,M04,2006 Apr,4790,58,1.2
JTS000000000000000JOL,2006,M05,2006 May,4463,-327,-6.8
JTS000000000000000JOL,2006,M06,2006 Jun,4614,151,3.4
JTS000000000000000JOL,2006,M07,2006 Jul,4394,-220,-4.8
JTS000000000000000JOL,2006,M08,2006 Aug,4710,316,7.2
JTS000000000000000JOL,2006,M09,2006 Sep,4737,27,0.6
JTS000000000000000JOL,2006,M10,2006 Oct,4591,-146,-3.1
JTS000000000000000JOL,2006,M11,2006 Nov,4645,54,1.2
JTS000000000000000JOL,2006,M12,2006 Dec,4620,-25,-0.5
JTS000000000000000JOL,2007,M01,2007 Jan,4763,143,3.1
JTS000000000000000JOL,2007,M02,2007 Feb,4699,-64,-1.3
JTS000000000000000JOL,2007,M03,2007 Mar,4962,263,5.6
JTS000000000000000JOL,2007,M04,2007 Apr,4689,-273,-5.5
JTS000000000000000JOL,2007,M05,2007 May,4657,-32,-0.7
JTS000000000000000JOL,2007,M06,2007 Jun,4859,202,4.3
JTS000000000000000JOL,2007,M07,2007 Jul,4598,-261,-5.4
JTS000000000000000JOL,2007,M08,2007 Aug,4546,-52,-1.1
JTS000000000000000JOL,2007,M09,2007 Sep,4652,106,2.3
JTS000000000000000JOL,2007,M10,2007 Oct,4636,-16,-0.3
JTS000000000000000JOL,2007,M11,2007 Nov,4646,10,0.2
JTS000000000000000JOL,2007,M12,2007 Dec,4545,-101,-2.2
JTS000000000000000JOL,2008,M01,2008 Jan,4624,79,1.7
JTS000000000000000JOL,2008,M02,2008 Feb,4279,-345,-7.5
JTS000000000000000JOL,2008,M03,2008 Mar,4225,-54,-1.3
JTS000000000000000JOL,2008,M04,2008 Apr,4035,-190,-4.5
JTS000000000000000JOL,2008,M05,2008 May,4194,159,3.9
JTS000000000000000JOL,2008,M06,2008 Jun,3830,-364,-8.7
JTS000000000000000JOL,2008,M07,2008 Jul,3749,-81,-2.1
JTS000000000000000JOL,2008,M08,2008 Aug,3674,-75,-2.0
JTS000000000000000JOL,2008,M09,2008 Sep,3222,-452,-12.3
JTS000000000000000JOL,2008,M10,2008 Oct,3377,155,4.8
JTS000000000000000JOL,2008,M11,2008 Nov,3231,-146,-4.3
JTS000000000000000JOL,2008,M12,2008 Dec,3146,-85,-2.6
JTS000000000000000JOL,2009,M01,2009 Jan,2738,-408,-13.0
JTS000000000000000JOL,2009,M02,2009 Feb,2864,126,4.6
JTS000000000000000JOL,2009,M03,2009 Mar,2534,-330,-11.5
JTS000000000000000JOL,2009,M04,2009 Apr,2295,-239,-9.4
JTS000000000000000JOL,2009,M05,2009 May,2549,254,11.1
JTS000000000000000JOL,2009,M06,2009 Jun,2503,-46,-1.8
JTS000000000000000JOL,2009,M07,2009 Jul,2232,-271,-10.8
JTS000000000000000JOL,2009,M08,2009 Aug,2338,106,4.7
JTS000000000000000JOL,2009,M09,2009 Sep,2487,149,6.4
JTS000000000000000JOL,2009,M10,2009 Oct,2406,-81,-3.3
JTS000000000000000JOL,2009,M11,2009 Nov,2503,97,4.0
JTS000000000000000JOL,2009,M12,2009 Dec,2568,65,2.6
JTS000000000000000JOL,2010,M01,2010 Jan,2837,269,10.5
JTS000000000000000JOL,2010,M02,2010 Feb,2666,-171,-6.0
JTS000000000000000JOL,2010,M03,2010 Mar,2679,13,0.5
JTS000000000000000JOL,2010,M04,2010 Apr,3153,474,17.7
JTS000000000000000JOL,2010,M05,2010 May,2988,-165,-5.2
JTS000000000000000JOL,2010,M06,2010 Jun,2801,-187,-6.3
JTS000000000000000JOL,2010,M07,2010 Jul,3082,281,10.0
JTS000000000000000JOL,2010,M08,2010 Aug,2999,-83,-2.7
JTS000000000000000JOL,2010,M09,2010 Sep,2918,-81,-2.7
JTS000000000000000JOL,2010,M10,2010 Oct,3235,317,10.9
JTS000000000000000JOL,2010,M11,2010 Nov,3211,-24,-0.7
JTS000000000000000JOL,2010,M12,2010 Dec,3058,-153,-4.8
JTS000000000000000JOL,2011,M01,2011 Jan,3104,46,1.5
JTS000000000000000JOL,2011,M02,2011 Feb,3226,122,3.9
JTS000000000000000JOL,2011,M03,2011 Mar,3261,35,1.1
JTS000000000000000JOL,2011,M04,2011 Apr,3259,-2,-0.1
JTS000000000000000JOL,2011,M05,2011 May,3179,-80,-2.5
JTS000000000000000JOL,2011,M06,2011 Jun,3455,276,8.7
JTS000000000000000JOL,2011,M07,2011 Jul,3623,168,4.9
JTS000000000000000JOL,2011,M08,2011 Aug,3329,-294,-8.1
JTS000000000000000JOL,2011,M09,2011 Sep,3774,445,13.4
JTS000000000000000JOL,2011,M10,2011 Oct,3619,-155,-4.1
JTS000000000000000JOL,2011,M11,2011 Nov,3565,-54,-1.5
JTS000000000000000JOL,2011,M12,2011 Dec,3768,203,5.7
JTS000000000000000JOL,2012,M01,2012 Jan,3909,141,3.7
JTS000000000000000JOL,2012,M02,2012 Feb,3616,-293,-7.5
JTS000000000000000JOL,2012,M03,2012 Mar,3979,363,10.0
JTS000000000000000JOL,2012,M04,2012 Apr,3793,-186,-4.7
JTS000000000000000JOL,2012,M05,2012 May,3835,42,1.1
JTS000000000000000JOL,2012,M06,2012 Jun,3911,76,2.0
JTS000000000000000JOL,2012,M07,2012 Jul,3735,-176,-4.5
JTS000000000000000JOL,2012,M08,2012 Aug,3809,74,2.0
JTS000000000000000JOL,2012,M09,2012 Sep,3882,73,1.9
JTS000000000000000JOL,2012,M10,2012 Oct,3775,-107,-2.8
JTS000000000000000JOL,2012,M11,2012 Nov,3878,103,2.7
JTS000000000000000JOL,2012,M12,2012 Dec,3970,92,2.4
JTS000000000000000JOL,2013,M01,2013 Jan,3923,-47,-1.2
JTS000000000000000JOL,2013,M02,2013 Feb,4004,81,2.1
JTS000000000000000JOL,2013,M03,2013 Mar,4076,72,1.8
JTS000000000000000JOL,2013,M04,2013 Apr,3988,-88,-2.2
JTS000000000000000JOL,2013,M05,2013 May,4145,157,3.9
JTS000000000000000JOL,2013,M06,2013 Jun,4150,5,0.1
JTS000000000000000JOL,2013,M07,2013 Jul,3885,-265,-6.4
JTS000000000000000JOL,2013,M08,2013 Aug,4085,200,5.1
JTS000000000000000JOL,2013,M09,2013 Sep,4128,43,1.1
JTS000000000000000JOL,2013,M10,2013 Oct,4222,94,2.3
JTS000000000000000JOL,2013,M11,2013 Nov,4119,-103,-2.4
JTS000000000000000JOL,2013,M12,2013 Dec,4121,2,0.0
JTS000000000000000JOL,2014,M01,2014 Jan,4127,6,0.1
JTS000000000000000JOL,2014,M02,2014 Feb,4373,246,6.0
JTS000000000000000JOL,2014,M03,2014 Mar,4388,15,0.3
JTS000000000000000JOL,2014,M04,2014 Apr,4566,178,4.1
JTS000000000000000JOL,2014,M05,2014 May,4747,181,4.0
JTS000000000000000JOL,2014,M06,2014 Jun,4982,235,5.0
JTS000000000000000JOL,2014,M07,2014 Jul,4846,-136,-2.7
JTS000000000000000JOL,2014,M08,2014 Aug,5349,503,10.4
JTS000000000000000JOL,2014,M09,2014 Sep,4914,-435,-8.1
JTS000000000000000JOL,2014,M10,2014 Oct,5012,98,2.0
JTS000000000000000JOL,2014,M11,2014 Nov,4843,-169,-3.4
JTS000000000000000JOL,2014,M12,2014 Dec,5130,287,5.9
JTS000000000000000JOL,2015,M01,2015 Jan,5344,214,4.2
JTS000000000000000JOL,2015,M02,2015 Feb,5466,122,2.3
JTS000000000000000JOL,2015,M03,2015 Mar,5210,-256,-4.7
JTS000000000000000JOL,2015,M04,2015 Apr,5598,388,7.4
JTS000000000000000JOL,2015,M05,2015 May,5563,-35,-0.6
JTS000000000000000JOL,2015,M06,2015 Jun,5248,-315,-5.7
JTS000000000000000JOL,2015,M07,2015 Jul,6056,808,15.4
JTS000000000000000JOL,2015,M08,2015 Aug,5467,-589,-9.7
JTS000000000000000JOL,2015,M09,2015 Sep,5488,21,0.4
JTS000000000000000JOL,2015,M10,2015 Oct,5773,285,5.2
JTS000000000000000JOL,2015,M11,2015 Nov,5708,-65,-1.1
JTS000000000000000JOL,2015,M12,2015 Dec,5845,137,2.4
JTS000000000000000JOL,2016,M01,2016 Jan,6012,167,2.9
JTS000000000000000JOL,2016,M02,2016 Feb,5770,-242,-4.0
JTS000000000000000JOL,2016,M03,2016 Mar,6129,359,6.2
JTS000000000000000JOL,2016,M04,2016 Apr,5803,-326,-5.3
JTS000000000000000JOL,2016,M05,2016 May,5777,-26,-0.4
JTS000000000000000JOL,2016,M06,2016 Jun,5742,-35,-0.6
JTS000000000000000JOL,2016,M07,2016 Jul,5962,220,3.8
JTS000000000000000JOL,2016,M08,2016 Aug,5677,-285,-4.8
JTS000000000000000JOL,2016,M09,2016 Sep,5868,191,3.4
JTS000000000000000JOL,2016,M10,2016 Oct,5591,-277,-4.7
JTS000000000000000JOL,2016,M11,2016 Nov,5971,380,6.8
JTS000000000000000JOL,2016,M12,2016 Dec,5964,-7,-0.1
JTS000000000000000JOL,2017,M01,2017 Jan,5617,-347,-5.8
JTS000000000000000JOL,2017,M02,2017 Feb,5923,306,5.4
JTS000000000000000JOL,2017,M03,2017 Mar,5811,-112,-1.9
JTS000000000000000JOL,2017,M04,2017 Apr,6091,280,4.8
JTS000000000000000JOL,2017,M05,2017 May,5826,-265,-4.4
JTS000000000000000JOL,2017,M06,2017 Jun,6305,479,8.2
JTS000000000000000JOL,2017,M07,2017 Jul,6238,-67,-1.1
JTS000000000000000JOL,2017,M08,2017 Aug,6276,38,0.6
JTS000000000000000JOL,2017,M09,2017 Sep,6320,44,0.7
JTS000000000000000JOL,2017,M10,2017 Oct,6408,88,1.4
JTS000000000000000JOL,2017,M11,2017 Nov,6271,-137,-2.1
JTS000000000000000JOL,2017,M12,2017 Dec,6336,65,1.0
JTS000000000000000JOL,2018,M01,2018 Jan,6589,253,4.0
JTS000000000000000JOL,2018,M02,2018 Feb,6578,-11,-0.2
JTS000000000000000JOL,2018,M03,2018 Mar,6818,240,3.6
JTS000000000000000JOL,2018,M04,2018 Apr,6903,85,1.2
JTS000000000000000JOL,2018,M05,2018 May,6996,93,1.3
JTS000000000000000JOL,2018,M06,2018 Jun,7237,241,3.4
JTS000000000000000JOL,2018,M07,2018 Jul,7196,-41,-0.6
JTS000000000000000JOL,2018,M08,2018 Aug,7211,15,0.2
JTS000000000000000JOL,2018,M09,2018 Sep,7340,129,1.8
JTS000000000000000JOL,2018,M10,2018 Oct,7365,25,0.3
JTS000000000000000JOL,2018,M11,2018 Nov,7558,193,2.6
JTS000000000000000JOL,2018,M12,2018 Dec,7435,-123,-1.6
JTS000000000000000JOL,2019,M01,2019 Jan,7473,38,0.5
JTS000000000000000JOL,2019,M02,2019 Feb,7058,-415,-5.6
JTS000000000000000JOL,2019,M03,2019 Mar,7320,262,3.7
JTS000000000000000JOL,2019,M04,2019 Apr,7224,-96,-1.3
JTS000000000000000JOL,2019,M05,2019 May,7295,71,1.0
JTS000000000000000JOL,2019,M06,2019 Jun,7147,-148,-2.0
JTS000000000000000JOL,2019,M07,2019 Jul,7080,-67,-0.9
JTS000000000000000JOL,2019,M08,2019 Aug,7142,62,0.9
JTS000000000000000JOL,2019,M09,2019 Sep,7100,-42,-0.6
JTS000000000000000JOL,2019,M10,2019 Oct,7417,317,4.5
JTS000000000000000JOL,2019,M11,2019 Nov,6896,-521,-7.0
JTS000000000000000JOL,2019,M12,2019 Dec,6741,-155,-2.2
JTS000000000000000JOL,2020,M01,2020 Jan,7161,420,6.2
JTS000000000000000JOL,2020,M02,2020 Feb,7006,-155,-2.2
JTS000000000000000JOL,2020,M03,2020 Mar,5919,-1087,-15.5
JTS000000000000000JOL,2020,M04,2020 Apr,4709,-1210,-20.4
JTS000000000000000JOL,2020,M05,2020 May,5441,732,15.5
JTS000000000000000JOL,2020,M06,2020 Jun,6039,598,11.0
JTS000000000000000JOL,2020,M07,2020 Jul,6621,582,9.6
JTS000000000000000JOL,2020,M08,2020 Aug,6315,-306,-4.6
JTS000000000000000JOL,2020,M09,2020 Sep,6494,179,2.8
JTS000000000000000JOL,2020,M10,2020 Oct,6874,380,5.9
JTS000000000000000JOL,2020,M11,2020 Nov,6844,-30,-0.4
JTS000000000000000JOL,2020,M12,2020 Dec,6938,94,1.4
JTS000000000000000JOL,2021,M01,2021 Jan,7232,294,4.2
JTS000000000000000JOL,2021,M02,2021 Feb,7860,628,8.7
JTS000000000000000JOL,2021,M03,2021 Mar,8480,620,7.9
JTS000000000000000JOL,2021,M04,2021 Apr,9265,785,9.3
JTS000000000000000JOL,2021,M05,2021 May,9639,374,4.0
JTS000000000000000JOL,2021,M06,2021 Jun,9852,213,2.2
JTS000000000000000JOL,2021,M07,2021 Jul,10783,931,9.4
JTS000000000000000JOL,2021,M08,2021 Aug,10629,-154,-1.4
JTS000000000000000JOL,2021,M09,2021 Sep,10673,44,0.4
JTS000000000000000JOL,2021,M10,2021 Oct,11094,421,3.9
JTS000000000000000JOL,2021,M11,2021 Nov,10922,-172,-1.6
JTS000000000000000JOL,2021,M12,2021 Dec,11448,526,4.8
JTS000000000000000JOL,2022,M01,2022 Jan,11283,-165,-1.4
JTS000000000000000JOL,2022,M02,2022 Feb,11344,61,0.5
JTS000000000000000JOL,2022,M03,2022 Mar,11855,511,4.5
JTS000000000000000JOL,2022,M04,2022 Apr,11681,-174,-1.5
JTS000000000000000JOL,2022,M05,2022 May,11303,-378,-3.2
JTS000000000000000JOL,2022,M06,2022 Jun,11040,-263,-2.3
JTS000000000000000JOL,2022,M07,2022 Jul,11239,199,1.8
