Series ID,Year,Period,Label,Value,1-Month Net Change,1-Month % Change
JTU300000000000000TSL,2006,M01,2006 Jan,412,78,23.4
JTU300000000000000TSL,2006,M02,2006 Feb,349,-63,-15.3
JTU300000000000000TSL,2006,M03,2006 Mar,382,33,9.5
JTU300000000000000TSL,2006,M04,2006 Apr,346,-36,-9.4
JTU300000000000000TSL,2006,M05,2006 May,389,43,12.4
JTU300000000000000TSL,2006,M06,2006 Jun,372,-17,-4.4
JTU300000000000000TSL,2006,M07,2006 Jul,451,79,21.2
JTU300000000000000TSL,2006,M08,2006 Aug,467,16,3.5
JTU300000000000000TSL,2006,M09,2006 Sep,382,-85,-18.2
JTU300000000000000TSL,2006,M10,2006 Oct,413,31,8.1
JTU300000000000000TSL,2006,M11,2006 Nov,355,-58,-14.0
JTU300000000000000TSL,2006,M12,2006 Dec,363,8,2.3
JTU300000000000000TSL,2007,M01,2007 Jan,477,114,31.4
JTU300000000000000TSL,2007,M02,2007 Feb,361,-116,-24.3
JTU300000000000000TSL,2007,M03,2007 Mar,380,19,5.3
JTU300000000000000TSL,2007,M04,2007 Apr,387,7,1.8
JTU300000000000000TSL,2007,M05,2007 May,382,-5,-1.3
JTU300000000000000TSL,2007,M06,2007 Jun,382,0,0.0
JTU300000000000000TSL,2007,M07,2007 Jul,417,35,9.2
JTU300000000000000TSL,2007,M08,2007 Aug,484,67,16.1
JTU300000000000000TSL,2007,M09,2007 Sep,404,-80,-16.5
JTU300000000000000TSL,2007,M10,2007 Oct,447,43,10.6
JTU300000000000000TSL,2007,M11,2007 Nov,361,-86,-19.2
JTU300000000000000TSL,2007,M12,2007 Dec,326,-35,-9.7
JTU300000000000000TSL,2008,M01,2008 Jan,415,89,27.3
JTU300000000000000TSL,2008,M02,2008 Feb,315,-100,-24.1
JTU300000000000000TSL,2008,M03,2008 Mar,334,19,6.0
JTU300000000000000TSL,2008,M04,2008 Apr,396,62,18.6
JTU300000000000000TSL,2008,M05,2008 May,338,-58,-14.6
JTU300000000000000TSL,2008,M06,2008 Jun,367,29,8.6
JTU300000000000000TSL,2008,M07,2008 Jul,349,-18,-4.9
JTU300000000000000TSL,2008,M08,2008 Aug,396,47,13.5
JTU300000000000000TSL,2008,M09,2008 Sep,384,-12,-3.0
JTU300000000000000TSL,2008,M10,2008 Oct,438,54,14.1
JTU300000000000000TSL,2008,M11,2008 Nov,345,-93,-21.2
JTU300000000000000TSL,2008,M12,2008 Dec,399,54,15.7
JTU300000000000000TSL,2009,M01,2009 Jan,586,187,46.9
JTU300000000000000TSL,2009,M02,2009 Feb,393,-193,-32.9
JTU300000000000000TSL,2009,M03,2009 Mar,387,-6,-1.5
JTU300000000000000TSL,2009,M04,2009 Apr,380,-7,-1.8
JTU300000000000000TSL,2009,M05,2009 May,342,-38,-10.0
JTU300000000000000TSL,2009,M06,2009 Jun,332,-10,-2.9
JTU300000000000000TSL,2009,M07,2009 Jul,322,-10,-3.0
JTU300000000000000TSL,2009,M08,2009 Aug,329,7,2.2
JTU300000000000000TSL,2009,M09,2009 Sep,305,-24,-7.3
JTU300000000000000TSL,2009,M10,2009 Oct,317,12,3.9
JTU300000000000000TSL,2009,M11,2009 Nov,252,-65,-20.5
JTU300000000000000TSL,2009,M12,2009 Dec,237,-15,-6.0
JTU300000000000000TSL,2010,M01,2010 Jan,280,43,18.1
JTU300000000000000TSL,2010,M02,2010 Feb,237,-43,-15.4
JTU300000000000000TSL,2010,M03,2010 Mar,234,-3,-1.3
JTU300000000000000TSL,2010,M04,2010 Apr,237,3,1.3
JTU300000000000000TSL,2010,M05,2010 May,212,-25,-10.5
JTU300000000000000TSL,2010,M06,2010 Jun,236,24,11.3
JTU300000000000000TSL,2010,M07,2010 Jul,269,33,14.0
JTU300000000000000TSL,2010,M08,2010 Aug,329,60,22.3
JTU300000000000000TSL,2010,M09,2010 Sep,248,-81,-24.6
JTU300000000000000TSL,2010,M10,2010 Oct,292,44,17.7
JTU300000000000000TSL,2010,M11,2010 Nov,244,-48,-16.4
JTU300000000000000TSL,2010,M12,2010 Dec,233,-11,-4.5
JTU300000000000000TSL,2011,M01,2011 Jan,265,32,13.7
JTU300000000000000TSL,2011,M02,2011 Feb,212,-53,-20.0
JTU300000000000000TSL,2011,M03,2011 Mar,224,12,5.7
JTU300000000000000TSL,2011,M04,2011 Apr,235,11,4.9
JTU300000000000000TSL,2011,M05,2011 May,252,17,7.2
JTU300000000000000TSL,2011,M06,2011 Jun,238,-14,-5.6
JTU300000000000000TSL,2011,M07,2011 Jul,252,14,5.9
JTU300000000000000TSL,2011,M08,2011 Aug,298,46,18.3
JTU300000000000000TSL,2011,M09,2011 Sep,239,-59,-19.8
JTU300000000000000TSL,2011,M10,2011 Oct,256,17,7.1
JTU300000000000000TSL,2011,M11,2011 Nov,214,-42,-16.4
JTU300000000000000TSL,2011,M12,2011 Dec,209,-5,-2.3
JTU300000000000000TSL,2012,M01,2012 Jan,252,43,20.6
JTU300000000000000TSL,2012,M02,2012 Feb,211,-41,-16.3
JTU300000000000000TSL,2012,M03,2012 Mar,217,6,2.8
JTU300000000000000TSL,2012,M04,2012 Apr,244,27,12.4
JTU300000000000000TSL,2012,M05,2012 May,232,-12,-4.9
JTU300000000000000TSL,2012,M06,2012 Jun,260,28,12.1
JTU300000000000000TSL,2012,M07,2012 Jul,240,-20,-7.7
JTU300000000000000TSL,2012,M08,2012 Aug,300,60,25.0
JTU300000000000000TSL,2012,M09,2012 Sep,235,-65,-21.7
JTU300000000000000TSL,2012,M10,2012 Oct,258,23,9.8
JTU300000000000000TSL,2012,M11,2012 Nov,230,-28,-10.9
JTU300000000000000TSL,2012,M12,2012 Dec,200,-30,-13.0
JTU300000000000000TSL,2013,M01,2013 Jan,238,38,19.0
JTU300000000000000TSL,2013,M02,2013 Feb,200,-38,-16.0
JTU300000000000000TSL,2013,M03,2013 Mar,199,-1,-0.5
JTU300000000000000TSL,2013,M04,2013 Apr,244,45,22.6
JTU300000000000000TSL,2013,M05,2013 May,266,22,9.0
JTU300000000000000TSL,2013,M06,2013 Jun,237,-29,-10.9
JTU300000000000000TSL,2013,M07,2013 Jul,276,39,16.5
JTU300000000000000TSL,2013,M08,2013 Aug,300,24,8.7
JTU300000000000000TSL,2013,M09,2013 Sep,247,-53,-17.7
JTU300000000000000TSL,2013,M10,2013 Oct,219,-28,-11.3
JTU300000000000000TSL,2013,M11,2013 Nov,206,-13,-5.9
JTU300000000000000TSL,2013,M12,2013 Dec,208,2,1.0
JTU300000000000000TSL,2014,M01,2014 Jan,254,46,22.1
JTU300000000000000TSL,2014,M02,2014 Feb,184,-70,-27.6
JTU300000000000000TSL,2014,M03,2014 Mar,226,42,22.8
JTU300000000000000TSL,2014,M04,2014 Apr,240,14,6.2
JTU300000000000000TSL,2014,M05,2014 May,235,-5,-2.1
JTU300000000000000TSL,2014,M06,2014 Jun,248,13,5.5
JTU300000000000000TSL,2014,M07,2014 Jul,267,19,7.7
JTU300000000000000TSL,2014,M08,2014 Aug,287,20,7.5
JTU300000000000000TSL,2014,M09,2014 Sep,279,-8,-2.8
JTU300000000000000TSL,2014,M10,2014 Oct,278,-1,-0.4
JTU300000000000000TSL,2014,M11,2014 Nov,202,-76,-27.3
JTU300000000000000TSL,2014,M12,2014 Dec,234,32,15.8
JTU300000000000000TSL,2015,M01,2015 Jan,261,27,11.5
JTU300000000000000TSL,2015,M02,2015 Feb,217,-44,-16.9
JTU300000000000000TSL,2015,M03,2015 Mar,243,26,12.0
JTU300000000000000TSL,2015,M04,2015 Apr,262,19,7.8
JTU300000000000000TSL,2015,M05,2015 May,241,-21,-8.0
JTU300000000000000TSL,2015,M06,2015 Jun,275,34,14.1
JTU300000000000000TSL,2015,M07,2015 Jul,273,-2,-0.7
JTU300000000000000TSL,2015,M08,2015 Aug,343,70,25.6
JTU300000000000000TSL,2015,M09,2015 Sep,288,-55,-16.0
JTU300000000000000TSL,2015,M10,2015 Oct,289,1,0.3
JTU300000000000000TSL,2015,M11,2015 Nov,239,-50,-17.3
JTU300000000000000TSL,2015,M12,2015 Dec,229,-10,-4.2
JTU300000000000000TSL,2016,M01,2016 Jan,263,34,14.8
JTU300000000000000TSL,2016,M02,2016 Feb,266,3,1.1
JTU300000000000000TSL,2016,M03,2016 Mar,269,3,1.1
JTU300000000000000TSL,2016,M04,2016 Apr,273,4,1.5
JTU300000000000000TSL,2016,M05,2016 May,293,20,7.3
JTU300000000000000TSL,2016,M06,2016 Jun,273,-20,-6.8
JTU300000000000000TSL,2016,M07,2016 Jul,278,5,1.8
JTU300000000000000TSL,2016,M08,2016 Aug,354,76,27.3
JTU300000000000000TSL,2016,M09,2016 Sep,302,-52,-14.7
JTU300000000000000TSL,2016,M10,2016 Oct,297,-5,-1.7
JTU300000000000000TSL,2016,M11,2016 Nov,247,-50,-16.8
JTU300000000000000TSL,2016,M12,2016 Dec,250,3,1.2
JTU300000000000000TSL,2017,M01,2017 Jan,293,43,17.2
JTU300000000000000TSL,2017,M02,2017 Feb,240,-53,-18.1
JTU300000000000000TSL,2017,M03,2017 Mar,309,69,28.8
JTU300000000000000TSL,2017,M04,2017 Apr,323,14,4.5
JTU300000000000000TSL,2017,M05,2017 May,328,5,1.5
JTU300000000000000TSL,2017,M06,2017 Jun,338,10,3.0
JTU300000000000000TSL,2017,M07,2017 Jul,353,15,4.4
JTU300000000000000TSL,2017,M08,2017 Aug,386,33,9.3
JTU300000000000000TSL,2017,M09,2017 Sep,338,-48,-12.4
JTU300000000000000TSL,2017,M10,2017 Oct,336,-2,-0.6
JTU300000000000000TSL,2017,M11,2017 Nov,283,-53,-15.8
JTU300000000000000TSL,2017,M12,2017 Dec,284,1,0.4
JTU300000000000000TSL,2018,M01,2018 Jan,340,56,19.7
JTU300000000000000TSL,2018,M02,2018 Feb,297,-43,-12.6
JTU300000000000000TSL,2018,M03,2018 Mar,336,39,13.1
JTU300000000000000TSL,2018,M04,2018 Apr,352,16,4.8
JTU300000000000000TSL,2018,M05,2018 May,343,-9,-2.6
JTU300000000000000TSL,2018,M06,2018 Jun,350,7,2.0
JTU300000000000000TSL,2018,M07,2018 Jul,389,39,11.1
JTU300000000000000TSL,2018,M08,2018 Aug,424,35,9.0
JTU300000000000000TSL,2018,M09,2018 Sep,334,-90,-21.2
JTU300000000000000TSL,2018,M10,2018 Oct,372,38,11.4
JTU300000000000000TSL,2018,M11,2018 Nov,303,-69,-18.5
JTU300000000000000TSL,2018,M12,2018 Dec,281,-22,-7.3
JTU300000000000000TSL,2019,M01,2019 Jan,324,43,15.3
JTU300000000000000TSL,2019,M02,2019 Feb,290,-34,-10.5
JTU300000000000000TSL,2019,M03,2019 Mar,352,62,21.4
JTU300000000000000TSL,2019,M04,2019 Apr,368,16,4.5
JTU300000000000000TSL,2019,M05,2019 May,343,-25,-6.8
JTU300000000000000TSL,2019,M06,2019 Jun,335,-8,-2.3
JTU300000000000000TSL,2019,M07,2019 Jul,358,23,6.9
JTU300000000000000TSL,2019,M08,2019 Aug,403,45,12.6
JTU300000000000000TSL,2019,M09,2019 Sep,369,-34,-8.4
JTU300000000000000TSL,2019,M10,2019 Oct,349,-20,-5.4
JTU300000000000000TSL,2019,M11,2019 Nov,265,-84,-24.1
JTU300000000000000TSL,2019,M12,2019 Dec,290,25,9.4
JTU300000000000000TSL,2020,M01,2020 Jan,338,48,16.6
JTU300000000000000TSL,2020,M02,2020 Feb,304,-34,-10.1
JTU300000000000000TSL,2020,M03,2020 Mar,883,579,190.5
JTU300000000000000TSL,2020,M04,2020 Apr,863,-20,-2.3
JTU300000000000000TSL,2020,M05,2020 May,322,-541,-62.7
JTU300000000000000TSL,2020,M06,2020 Jun,432,110,34.2
JTU300000000000000TSL,2020,M07,2020 Jul,399,-33,-7.6
JTU300000000000000TSL,2020,M08,2020 Aug,430,31,7.8
JTU300000000000000TSL,2020,M09,2020 Sep,380,-50,-11.6
JTU300000000000000TSL,2020,M10,2020 Oct,372,-8,-2.1
JTU300000000000000TSL,2020,M11,2020 Nov,319,-53,-14.2
JTU300000000000000TSL,2020,M12,2020 Dec,336,17,5.3
JTU300000000000000TSL,2021,M01,2021 Jan,360,24,7.1
JTU300000000000000TSL,2021,M02,2021 Feb,323,-37,-10.3
JTU300000000000000TSL,2021,M03,2021 Mar,408,85,26.3
JTU300000000000000TSL,2021,M04,2021 Apr,445,37,9.1
JTU300000000000000TSL,2021,M05,2021 May,382,-63,-14.2
JTU300000000000000TSL,2021,M06,2021 Jun,438,56,14.7
JTU300000000000000TSL,2021,M07,2021 Jul,453,15,3.4
JTU300000000000000TSL,2021,M08,2021 Aug,518,65,14.3
JTU300000000000000TSL,2021,M09,2021 Sep,471,-47,-9.1
JTU300000000000000TSL,2021,M10,2021 Oct,428,-43,-9.1
JTU300000000000000TSL,2021,M11,2021 Nov,342,-86,-20.1
JTU300000000000000TSL,2021,M12,2021 Dec,355,13,3.8
JTU300000000000000TSL,2022,M01,2022 Jan,446,91,25.6
JTU300000000000000TSL,2022,M02,2022 Feb,404,-42,-9.4
JTU300000000000000TSL,2022,M03,2022 Mar,492,88,21.8
JTU300000000000000TSL,2022,M04,2022 Apr,480,-12,-2.4
JTU300000000000000TSL,2022,M05,2022 May,426,-54,-11.3
JTU300000000000000TSL,2022,M06,2022 Jun,455,29,6.8
