Series ID,Year,Period,Label,Value,1-Month Net Change,1-Month % Change
JTU300000000000000HIL,2006,M01,2006 Jan,404,154,61.6
JTU300000000000000HIL,2006,M02,2006 Feb,345,-59,-14.6
JTU300000000000000HIL,2006,M03,2006 Mar,409,64,18.6
JTU300000000000000HIL,2006,M04,2006 Apr,373,-36,-8.8
JTU300000000000000HIL,2006,M05,2006 May,438,65,17.4
JTU300000000000000HIL,2006,M06,2006 Jun,460,22,5.0
JTU300000000000000HIL,2006,M07,2006 Jul,436,-24,-5.2
JTU300000000000000HIL,2006,M08,2006 Aug,407,-29,-6.7
JTU300000000000000HIL,2006,M09,2006 Sep,361,-46,-11.3
JTU300000000000000HIL,2006,M10,2006 Oct,355,-6,-1.7
JTU300000000000000HIL,2006,M11,2006 Nov,299,-56,-15.8
JTU300000000000000HIL,2006,M12,2006 Dec,246,-53,-17.7
JTU300000000000000HIL,2007,M01,2007 Jan,415,169,68.7
JTU300000000000000HIL,2007,M02,2007 Feb,345,-70,-16.9
JTU300000000000000HIL,2007,M03,2007 Mar,369,24,7.0
JTU300000000000000HIL,2007,M04,2007 Apr,376,7,1.9
JTU300000000000000HIL,2007,M05,2007 May,436,60,16.0
JTU300000000000000HIL,2007,M06,2007 Jun,438,2,0.5
JTU300000000000000HIL,2007,M07,2007 Jul,416,-22,-5.0
JTU300000000000000HIL,2007,M08,2007 Aug,396,-20,-4.8
JTU300000000000000HIL,2007,M09,2007 Sep,382,-14,-3.5
JTU300000000000000HIL,2007,M10,2007 Oct,399,17,4.5
JTU300000000000000HIL,2007,M11,2007 Nov,324,-75,-18.8
JTU300000000000000HIL,2007,M12,2007 Dec,227,-97,-29.9
JTU300000000000000HIL,2008,M01,2008 Jan,352,125,55.1
JTU300000000000000HIL,2008,M02,2008 Feb,282,-70,-19.9
JTU300000000000000HIL,2008,M03,2008 Mar,311,29,10.3
JTU300000000000000HIL,2008,M04,2008 Apr,358,47,15.1
JTU300000000000000HIL,2008,M05,2008 May,367,9,2.5
JTU300000000000000HIL,2008,M06,2008 Jun,363,-4,-1.1
JTU300000000000000HIL,2008,M07,2008 Jul,293,-70,-19.3
JTU300000000000000HIL,2008,M08,2008 Aug,304,11,3.8
JTU300000000000000HIL,2008,M09,2008 Sep,311,7,2.3
JTU300000000000000HIL,2008,M10,2008 Oct,312,1,0.3
JTU300000000000000HIL,2008,M11,2008 Nov,196,-116,-37.2
JTU300000000000000HIL,2008,M12,2008 Dec,164,-32,-16.3
JTU300000000000000HIL,2009,M01,2009 Jan,223,59,36.0
JTU300000000000000HIL,2009,M02,2009 Feb,221,-2,-0.9
JTU300000000000000HIL,2009,M03,2009 Mar,234,13,5.9
JTU300000000000000HIL,2009,M04,2009 Apr,222,-12,-5.1
JTU300000000000000HIL,2009,M05,2009 May,218,-4,-1.8
JTU300000000000000HIL,2009,M06,2009 Jun,241,23,10.6
JTU300000000000000HIL,2009,M07,2009 Jul,287,46,19.1
JTU300000000000000HIL,2009,M08,2009 Aug,261,-26,-9.1
JTU300000000000000HIL,2009,M09,2009 Sep,283,22,8.4
JTU300000000000000HIL,2009,M10,2009 Oct,243,-40,-14.1
JTU300000000000000HIL,2009,M11,2009 Nov,200,-43,-17.7
JTU300000000000000HIL,2009,M12,2009 Dec,148,-52,-26.0
JTU300000000000000HIL,2010,M01,2010 Jan,240,92,62.2
JTU300000000000000HIL,2010,M02,2010 Feb,225,-15,-6.3
JTU300000000000000HIL,2010,M03,2010 Mar,250,25,11.1
JTU300000000000000HIL,2010,M04,2010 Apr,291,41,16.4
JTU300000000000000HIL,2010,M05,2010 May,291,0,0.0
JTU300000000000000HIL,2010,M06,2010 Jun,308,17,5.8
JTU300000000000000HIL,2010,M07,2010 Jul,309,1,0.3
JTU300000000000000HIL,2010,M08,2010 Aug,292,-17,-5.5
JTU300000000000000HIL,2010,M09,2010 Sep,265,-27,-9.2
JTU300000000000000HIL,2010,M10,2010 Oct,271,6,2.3
JTU300000000000000HIL,2010,M11,2010 Nov,238,-33,-12.2
JTU300000000000000HIL,2010,M12,2010 Dec,176,-62,-26.1
JTU300000000000000HIL,2011,M01,2011 Jan,275,99,56.3
JTU300000000000000HIL,2011,M02,2011 Feb,240,-35,-12.7
JTU300000000000000HIL,2011,M03,2011 Mar,262,22,9.2
JTU300000000000000HIL,2011,M04,2011 Apr,280,18,6.9
JTU300000000000000HIL,2011,M05,2011 May,304,24,8.6
JTU300000000000000HIL,2011,M06,2011 Jun,302,-2,-0.7
JTU300000000000000HIL,2011,M07,2011 Jul,294,-8,-2.6
JTU300000000000000HIL,2011,M08,2011 Aug,286,-8,-2.7
JTU300000000000000HIL,2011,M09,2011 Sep,248,-38,-13.3
JTU300000000000000HIL,2011,M10,2011 Oct,248,0,0.0
JTU300000000000000HIL,2011,M11,2011 Nov,189,-59,-23.8
JTU300000000000000HIL,2011,M12,2011 Dec,176,-13,-6.9
JTU300000000000000HIL,2012,M01,2012 Jan,280,104,59.1
JTU300000000000000HIL,2012,M02,2012 Feb,234,-46,-16.4
JTU300000000000000HIL,2012,M03,2012 Mar,271,37,15.8
JTU300000000000000HIL,2012,M04,2012 Apr,274,3,1.1
JTU300000000000000HIL,2012,M05,2012 May,284,10,3.6
JTU300000000000000HIL,2012,M06,2012 Jun,325,41,14.4
JTU300000000000000HIL,2012,M07,2012 Jul,280,-45,-13.8
JTU300000000000000HIL,2012,M08,2012 Aug,256,-24,-8.6
JTU300000000000000HIL,2012,M09,2012 Sep,233,-23,-9.0
JTU300000000000000HIL,2012,M10,2012 Oct,249,16,6.9
JTU300000000000000HIL,2012,M11,2012 Nov,208,-41,-16.5
JTU300000000000000HIL,2012,M12,2012 Dec,155,-53,-25.5
JTU300000000000000HIL,2013,M01,2013 Jan,259,104,67.1
JTU300000000000000HIL,2013,M02,2013 Feb,217,-42,-16.2
JTU300000000000000HIL,2013,M03,2013 Mar,215,-2,-0.9
JTU300000000000000HIL,2013,M04,2013 Apr,253,38,17.7
JTU300000000000000HIL,2013,M05,2013 May,304,51,20.2
JTU300000000000000HIL,2013,M06,2013 Jun,287,-17,-5.6
JTU300000000000000HIL,2013,M07,2013 Jul,265,-22,-7.7
JTU300000000000000HIL,2013,M08,2013 Aug,291,26,9.8
JTU300000000000000HIL,2013,M09,2013 Sep,269,-22,-7.6
JTU300000000000000HIL,2013,M10,2013 Oct,230,-39,-14.5
JTU300000000000000HIL,2013,M11,2013 Nov,215,-15,-6.5
JTU300000000000000HIL,2013,M12,2013 Dec,161,-54,-25.1
JTU300000000000000HIL,2014,M01,2014 Jan,256,95,59.0
JTU300000000000000HIL,2014,M02,2014 Feb,212,-44,-17.2
JTU300000000000000HIL,2014,M03,2014 Mar,248,36,17.0
JTU300000000000000HIL,2014,M04,2014 Apr,258,10,4.0
JTU300000000000000HIL,2014,M05,2014 May,279,21,8.1
JTU300000000000000HIL,2014,M06,2014 Jun,327,48,17.2
JTU300000000000000HIL,2014,M07,2014 Jul,299,-28,-8.6
JTU300000000000000HIL,2014,M08,2014 Aug,268,-31,-10.4
JTU300000000000000HIL,2014,M09,2014 Sep,301,33,12.3
JTU300000000000000HIL,2014,M10,2014 Oct,296,-5,-1.7
JTU300000000000000HIL,2014,M11,2014 Nov,217,-79,-26.7
JTU300000000000000HIL,2014,M12,2014 Dec,185,-32,-14.7
JTU300000000000000HIL,2015,M01,2015 Jan,267,82,44.3
JTU300000000000000HIL,2015,M02,2015 Feb,233,-34,-12.7
JTU300000000000000HIL,2015,M03,2015 Mar,257,24,10.3
JTU300000000000000HIL,2015,M04,2015 Apr,269,12,4.7
JTU300000000000000HIL,2015,M05,2015 May,283,14,5.2
JTU300000000000000HIL,2015,M06,2015 Jun,333,50,17.7
JTU300000000000000HIL,2015,M07,2015 Jul,295,-38,-11.4
JTU300000000000000HIL,2015,M08,2015 Aug,295,0,0.0
JTU300000000000000HIL,2015,M09,2015 Sep,299,4,1.4
JTU300000000000000HIL,2015,M10,2015 Oct,287,-12,-4.0
JTU300000000000000HIL,2015,M11,2015 Nov,224,-63,-22.0
JTU300000000000000HIL,2015,M12,2015 Dec,182,-42,-18.8
JTU300000000000000HIL,2016,M01,2016 Jan,295,113,62.1
JTU300000000000000HIL,2016,M02,2016 Feb,256,-39,-13.2
JTU300000000000000HIL,2016,M03,2016 Mar,244,-12,-4.7
JTU300000000000000HIL,2016,M04,2016 Apr,285,41,16.8
JTU300000000000000HIL,2016,M05,2016 May,297,12,4.2
JTU300000000000000HIL,2016,M06,2016 Jun,351,54,18.2
JTU300000000000000HIL,2016,M07,2016 Jul,316,-35,-10.0
JTU300000000000000HIL,2016,M08,2016 Aug,287,-29,-9.2
JTU300000000000000HIL,2016,M09,2016 Sep,296,9,3.1
JTU300000000000000HIL,2016,M10,2016 Oct,288,-8,-2.7
JTU300000000000000HIL,2016,M11,2016 Nov,233,-55,-19.1
JTU300000000000000HIL,2016,M12,2016 Dec,203,-30,-12.9
JTU300000000000000HIL,2017,M01,2017 Jan,326,123,60.6
JTU300000000000000HIL,2017,M02,2017 Feb,263,-63,-19.3
JTU300000000000000HIL,2017,M03,2017 Mar,307,44,16.7
JTU300000000000000HIL,2017,M04,2017 Apr,323,16,5.2
JTU300000000000000HIL,2017,M05,2017 May,368,45,13.9
JTU300000000000000HIL,2017,M06,2017 Jun,413,45,12.2
JTU300000000000000HIL,2017,M07,2017 Jul,370,-43,-10.4
JTU300000000000000HIL,2017,M08,2017 Aug,398,28,7.6
JTU300000000000000HIL,2017,M09,2017 Sep,339,-59,-14.8
JTU300000000000000HIL,2017,M10,2017 Oct,349,10,2.9
JTU300000000000000HIL,2017,M11,2017 Nov,285,-64,-18.3
JTU300000000000000HIL,2017,M12,2017 Dec,245,-40,-14.0
JTU300000000000000HIL,2018,M01,2018 Jan,387,142,58.0
JTU300000000000000HIL,2018,M02,2018 Feb,334,-53,-13.7
JTU300000000000000HIL,2018,M03,2018 Mar,341,7,2.1
JTU300000000000000HIL,2018,M04,2018 Apr,367,26,7.6
JTU300000000000000HIL,2018,M05,2018 May,408,41,11.2
JTU300000000000000HIL,2018,M06,2018 Jun,446,38,9.3
JTU300000000000000HIL,2018,M07,2018 Jul,428,-18,-4.0
JTU300000000000000HIL,2018,M08,2018 Aug,398,-30,-7.0
JTU300000000000000HIL,2018,M09,2018 Sep,341,-57,-14.3
JTU300000000000000HIL,2018,M10,2018 Oct,396,55,16.1
JTU300000000000000HIL,2018,M11,2018 Nov,308,-88,-22.2
JTU300000000000000HIL,2018,M12,2018 Dec,240,-68,-22.1
JTU300000000000000HIL,2019,M01,2019 Jan,373,133,55.4
JTU300000000000000HIL,2019,M02,2019 Feb,301,-72,-19.3
JTU300000000000000HIL,2019,M03,2019 Mar,326,25,8.3
JTU300000000000000HIL,2019,M04,2019 Apr,360,34,10.4
JTU300000000000000HIL,2019,M05,2019 May,374,14,3.9
JTU300000000000000HIL,2019,M06,2019 Jun,398,24,6.4
JTU300000000000000HIL,2019,M07,2019 Jul,372,-26,-6.5
JTU300000000000000HIL,2019,M08,2019 Aug,363,-9,-2.4
JTU300000000000000HIL,2019,M09,2019 Sep,349,-14,-3.9
JTU300000000000000HIL,2019,M10,2019 Oct,306,-43,-12.3
JTU300000000000000HIL,2019,M11,2019 Nov,301,-5,-1.6
JTU300000000000000HIL,2019,M12,2019 Dec,229,-72,-23.9
JTU300000000000000HIL,2020,M01,2020 Jan,341,112,48.9
JTU300000000000000HIL,2020,M02,2020 Feb,320,-21,-6.2
JTU300000000000000HIL,2020,M03,2020 Mar,291,-29,-9.1
JTU300000000000000HIL,2020,M04,2020 Apr,360,69,23.7
JTU300000000000000HIL,2020,M05,2020 May,668,308,85.6
JTU300000000000000HIL,2020,M06,2020 Jun,558,-110,-16.5
JTU300000000000000HIL,2020,M07,2020 Jul,395,-163,-29.2
JTU300000000000000HIL,2020,M08,2020 Aug,434,39,9.9
JTU300000000000000HIL,2020,M09,2020 Sep,391,-43,-9.9
JTU300000000000000HIL,2020,M10,2020 Oct,391,0,0.0
JTU300000000000000HIL,2020,M11,2020 Nov,356,-35,-9.0
JTU300000000000000HIL,2020,M12,2020 Dec,305,-51,-14.3
JTU300000000000000HIL,2021,M01,2021 Jan,367,62,20.3
JTU300000000000000HIL,2021,M02,2021 Feb,370,3,0.8
JTU300000000000000HIL,2021,M03,2021 Mar,417,47,12.7
JTU300000000000000HIL,2021,M04,2021 Apr,397,-20,-4.8
JTU300000000000000HIL,2021,M05,2021 May,447,50,12.6
JTU300000000000000HIL,2021,M06,2021 Jun,534,87,19.5
JTU300000000000000HIL,2021,M07,2021 Jul,533,-1,-0.2
JTU300000000000000HIL,2021,M08,2021 Aug,513,-20,-3.8
JTU300000000000000HIL,2021,M09,2021 Sep,486,-27,-5.3
JTU300000000000000HIL,2021,M10,2021 Oct,487,1,0.2
JTU300000000000000HIL,2021,M11,2021 Nov,405,-82,-16.8
JTU300000000000000HIL,2021,M12,2021 Dec,315,-90,-22.2
JTU300000000000000HIL,2022,M01,2022 Jan,476,161,51.1
JTU300000000000000HIL,2022,M02,2022 Feb,446,-30,-6.3
JTU300000000000000HIL,2022,M03,2022 Mar,484,38,8.5
JTU300000000000000HIL,2022,M04,2022 Apr,504,20,4.1
JTU300000000000000HIL,2022,M05,2022 May,498,-6,-1.2
JTU300000000000000HIL,2022,M06,2022 Jun,571,73,14.7
