Series ID,Year,Period,Label,Value,1-Month Net Change,1-Month % Change
JTU300000000000000JOL,2006,M01,2006 Jan,330,42,14.6
JTU300000000000000JOL,2006,M02,2006 Feb,347,17,5.2
JTU300000000000000JOL,2006,M03,2006 Mar,342,-5,-1.4
JTU300000000000000JOL,2006,M04,2006 Apr,392,50,14.6
JTU300000000000000JOL,2006,M05,2006 May,307,-85,-21.7
JTU300000000000000JOL,2006,M06,2006 Jun,347,40,13.0
JTU300000000000000JOL,2006,M07,2006 Jul,318,-29,-8.4
JTU300000000000000JOL,2006,M08,2006 Aug,350,32,10.1
JTU300000000000000JOL,2006,M09,2006 Sep,341,-9,-2.6
JTU300000000000000JOL,2006,M10,2006 Oct,359,18,5.3
JTU300000000000000JOL,2006,M11,2006 Nov,272,-87,-24.2
JTU300000000000000JOL,2006,M12,2006 Dec,301,29,10.7
JTU300000000000000JOL,2007,M01,2007 Jan,342,41,13.6
JTU300000000000000JOL,2007,M02,2007 Feb,340,-2,-0.6
JTU300000000000000JOL,2007,M03,2007 Mar,363,23,6.8
JTU300000000000000JOL,2007,M04,2007 Apr,373,10,2.8
JTU300000000000000JOL,2007,M05,2007 May,372,-1,-0.3
JTU300000000000000JOL,2007,M06,2007 Jun,358,-14,-3.8
JTU300000000000000JOL,2007,M07,2007 Jul,385,27,7.5
JTU300000000000000JOL,2007,M08,2007 Aug,329,-56,-14.5
JTU300000000000000JOL,2007,M09,2007 Sep,327,-2,-0.6
JTU300000000000000JOL,2007,M10,2007 Oct,291,-36,-11.0
JTU300000000000000JOL,2007,M11,2007 Nov,279,-12,-4.1
JTU300000000000000JOL,2007,M12,2007 Dec,272,-7,-2.5
JTU300000000000000JOL,2008,M01,2008 Jan,288,16,5.9
JTU300000000000000JOL,2008,M02,2008 Feb,263,-25,-8.7
JTU300000000000000JOL,2008,M03,2008 Mar,245,-18,-6.8
JTU300000000000000JOL,2008,M04,2008 Apr,290,45,18.4
JTU300000000000000JOL,2008,M05,2008 May,285,-5,-1.7
JTU300000000000000JOL,2008,M06,2008 Jun,245,-40,-14.0
JTU300000000000000JOL,2008,M07,2008 Jul,260,15,6.1
JTU300000000000000JOL,2008,M08,2008 Aug,259,-1,-0.4
JTU300000000000000JOL,2008,M09,2008 Sep,220,-39,-15.1
JTU300000000000000JOL,2008,M10,2008 Oct,246,26,11.8
JTU300000000000000JOL,2008,M11,2008 Nov,162,-84,-34.1
JTU300000000000000JOL,2008,M12,2008 Dec,137,-25,-15.4
JTU300000000000000JOL,2009,M01,2009 Jan,112,-25,-18.2
JTU300000000000000JOL,2009,M02,2009 Feb,130,18,16.1
JTU300000000000000JOL,2009,M03,2009 Mar,111,-19,-14.6
JTU300000000000000JOL,2009,M04,2009 Apr,103,-8,-7.2
JTU300000000000000JOL,2009,M05,2009 May,99,-4,-3.9
JTU300000000000000JOL,2009,M06,2009 Jun,107,8,8.1
JTU300000000000000JOL,2009,M07,2009 Jul,110,3,2.8
JTU300000000000000JOL,2009,M08,2009 Aug,123,13,11.8
JTU300000000000000JOL,2009,M09,2009 Sep,131,8,6.5
JTU300000000000000JOL,2009,M10,2009 Oct,132,1,0.8
JTU300000000000000JOL,2009,M11,2009 Nov,127,-5,-3.8
JTU300000000000000JOL,2009,M12,2009 Dec,152,25,19.7
JTU300000000000000JOL,2010,M01,2010 Jan,142,-10,-6.6
JTU300000000000000JOL,2010,M02,2010 Feb,157,15,10.6
JTU300000000000000JOL,2010,M03,2010 Mar,153,-4,-2.5
JTU300000000000000JOL,2010,M04,2010 Apr,191,38,24.8
JTU300000000000000JOL,2010,M05,2010 May,190,-1,-0.5
JTU300000000000000JOL,2010,M06,2010 Jun,210,20,10.5
JTU300000000000000JOL,2010,M07,2010 Jul,241,31,14.8
JTU300000000000000JOL,2010,M08,2010 Aug,188,-53,-22.0
JTU300000000000000JOL,2010,M09,2010 Sep,189,1,0.5
JTU300000000000000JOL,2010,M10,2010 Oct,198,9,4.8
JTU300000000000000JOL,2010,M11,2010 Nov,207,9,4.5
JTU300000000000000JOL,2010,M12,2010 Dec,171,-36,-17.4
JTU300000000000000JOL,2011,M01,2011 Jan,217,46,26.9
JTU300000000000000JOL,2011,M02,2011 Feb,209,-8,-3.7
JTU300000000000000JOL,2011,M03,2011 Mar,211,2,1.0
JTU300000000000000JOL,2011,M04,2011 Apr,247,36,17.1
JTU300000000000000JOL,2011,M05,2011 May,220,-27,-10.9
JTU300000000000000JOL,2011,M06,2011 Jun,217,-3,-1.4
JTU300000000000000JOL,2011,M07,2011 Jul,250,33,15.2
JTU300000000000000JOL,2011,M08,2011 Aug,234,-16,-6.4
JTU300000000000000JOL,2011,M09,2011 Sep,254,20,8.5
JTU300000000000000JOL,2011,M10,2011 Oct,233,-21,-8.3
JTU300000000000000JOL,2011,M11,2011 Nov,200,-33,-14.2
JTU300000000000000JOL,2011,M12,2011 Dec,215,15,7.5
JTU300000000000000JOL,2012,M01,2012 Jan,246,31,14.4
JTU300000000000000JOL,2012,M02,2012 Feb,237,-9,-3.7
JTU300000000000000JOL,2012,M03,2012 Mar,312,75,31.6
JTU300000000000000JOL,2012,M04,2012 Apr,265,-47,-15.1
JTU300000000000000JOL,2012,M05,2012 May,306,41,15.5
JTU300000000000000JOL,2012,M06,2012 Jun,308,2,0.7
JTU300000000000000JOL,2012,M07,2012 Jul,287,-21,-6.8
JTU300000000000000JOL,2012,M08,2012 Aug,268,-19,-6.6
JTU300000000000000JOL,2012,M09,2012 Sep,252,-16,-6.0
JTU300000000000000JOL,2012,M10,2012 Oct,278,26,10.3
JTU300000000000000JOL,2012,M11,2012 Nov,220,-58,-20.9
JTU300000000000000JOL,2012,M12,2012 Dec,223,3,1.4
JTU300000000000000JOL,2013,M01,2013 Jan,251,28,12.6
JTU300000000000000JOL,2013,M02,2013 Feb,276,25,10.0
JTU300000000000000JOL,2013,M03,2013 Mar,260,-16,-5.8
JTU300000000000000JOL,2013,M04,2013 Apr,257,-3,-1.2
JTU300000000000000JOL,2013,M05,2013 May,253,-4,-1.6
JTU300000000000000JOL,2013,M06,2013 Jun,223,-30,-11.9
JTU300000000000000JOL,2013,M07,2013 Jul,254,31,13.9
JTU300000000000000JOL,2013,M08,2013 Aug,286,32,12.6
JTU300000000000000JOL,2013,M09,2013 Sep,270,-16,-5.6
JTU300000000000000JOL,2013,M10,2013 Oct,302,32,11.9
JTU300000000000000JOL,2013,M11,2013 Nov,272,-30,-9.9
JTU300000000000000JOL,2013,M12,2013 Dec,265,-7,-2.6
JTU300000000000000JOL,2014,M01,2014 Jan,261,-4,-1.5
JTU300000000000000JOL,2014,M02,2014 Feb,279,18,6.9
JTU300000000000000JOL,2014,M03,2014 Mar,284,5,1.8
JTU300000000000000JOL,2014,M04,2014 Apr,288,4,1.4
JTU300000000000000JOL,2014,M05,2014 May,301,13,4.5
JTU300000000000000JOL,2014,M06,2014 Jun,320,19,6.3
JTU300000000000000JOL,2014,M07,2014 Jul,330,10,3.1
JTU300000000000000JOL,2014,M08,2014 Aug,327,-3,-0.9
JTU300000000000000JOL,2014,M09,2014 Sep,312,-15,-4.6
JTU300000000000000JOL,2014,M10,2014 Oct,301,-11,-3.5
JTU300000000000000JOL,2014,M11,2014 Nov,285,-16,-5.3
JTU300000000000000JOL,2014,M12,2014 Dec,281,-4,-1.4
JTU300000000000000JOL,2015,M01,2015 Jan,322,41,14.6
JTU300000000000000JOL,2015,M02,2015 Feb,301,-21,-6.5
JTU300000000000000JOL,2015,M03,2015 Mar,324,23,7.6
JTU300000000000000JOL,2015,M04,2015 Apr,334,10,3.1
JTU300000000000000JOL,2015,M05,2015 May,332,-2,-0.6
JTU300000000000000JOL,2015,M06,2015 Jun,294,-38,-11.4
JTU300000000000000JOL,2015,M07,2015 Jul,374,80,27.2
JTU300000000000000JOL,2015,M08,2015 Aug,320,-54,-14.4
JTU300000000000000JOL,2015,M09,2015 Sep,317,-3,-0.9
JTU300000000000000JOL,2015,M10,2015 Oct,321,4,1.3
JTU300000000000000JOL,2015,M11,2015 Nov,258,-63,-19.6
JTU300000000000000JOL,2015,M12,2015 Dec,305,47,18.2
JTU300000000000000JOL,2016,M01,2016 Jan,319,14,4.6
JTU300000000000000JOL,2016,M02,2016 Feb,316,-3,-0.9
JTU300000000000000JOL,2016,M03,2016 Mar,335,19,6.0
JTU300000000000000JOL,2016,M04,2016 Apr,402,67,20.0
JTU300000000000000JOL,2016,M05,2016 May,358,-44,-10.9
JTU300000000000000JOL,2016,M06,2016 Jun,375,17,4.7
JTU300000000000000JOL,2016,M07,2016 Jul,383,8,2.1
JTU300000000000000JOL,2016,M08,2016 Aug,331,-52,-13.6
JTU300000000000000JOL,2016,M09,2016 Sep,322,-9,-2.7
JTU300000000000000JOL,2016,M10,2016 Oct,299,-23,-7.1
JTU300000000000000JOL,2016,M11,2016 Nov,317,18,6.0
JTU300000000000000JOL,2016,M12,2016 Dec,338,21,6.6
JTU300000000000000JOL,2017,M01,2017 Jan,374,36,10.7
JTU300000000000000JOL,2017,M02,2017 Feb,360,-14,-3.7
JTU300000000000000JOL,2017,M03,2017 Mar,394,34,9.4
JTU300000000000000JOL,2017,M04,2017 Apr,381,-13,-3.3
JTU300000000000000JOL,2017,M05,2017 May,352,-29,-7.6
JTU300000000000000JOL,2017,M06,2017 Jun,404,52,14.8
JTU300000000000000JOL,2017,M07,2017 Jul,394,-10,-2.5
JTU300000000000000JOL,2017,M08,2017 Aug,425,31,7.9
JTU300000000000000JOL,2017,M09,2017 Sep,429,4,0.9
JTU300000000000000JOL,2017,M10,2017 Oct,423,-6,-1.4
JTU300000000000000JOL,2017,M11,2017 Nov,419,-4,-0.9
JTU300000000000000JOL,2017,M12,2017 Dec,382,-37,-8.8
JTU300000000000000JOL,2018,M01,2018 Jan,445,63,16.5
JTU300000000000000JOL,2018,M02,2018 Feb,436,-9,-2.0
JTU300000000000000JOL,2018,M03,2018 Mar,417,-19,-4.4
JTU300000000000000JOL,2018,M04,2018 Apr,447,30,7.2
JTU300000000000000JOL,2018,M05,2018 May,468,21,4.7
JTU300000000000000JOL,2018,M06,2018 Jun,471,3,0.6
JTU300000000000000JOL,2018,M07,2018 Jul,479,8,1.7
JTU300000000000000JOL,2018,M08,2018 Aug,505,26,5.4
JTU300000000000000JOL,2018,M09,2018 Sep,471,-34,-6.7
JTU300000000000000JOL,2018,M10,2018 Oct,498,27,5.7
JTU300000000000000JOL,2018,M11,2018 Nov,507,9,1.8
JTU300000000000000JOL,2018,M12,2018 Dec,445,-62,-12.2
JTU300000000000000JOL,2019,M01,2019 Jan,434,-11,-2.5
JTU300000000000000JOL,2019,M02,2019 Feb,457,23,5.3
JTU300000000000000JOL,2019,M03,2019 Mar,432,-25,-5.5
JTU300000000000000JOL,2019,M04,2019 Apr,465,33,7.6
JTU300000000000000JOL,2019,M05,2019 May,478,13,2.8
JTU300000000000000JOL,2019,M06,2019 Jun,482,4,0.8
JTU300000000000000JOL,2019,M07,2019 Jul,467,-15,-3.1
JTU300000000000000JOL,2019,M08,2019 Aug,443,-24,-5.1
JTU300000000000000JOL,2019,M09,2019 Sep,432,-11,-2.5
JTU300000000000000JOL,2019,M10,2019 Oct,393,-39,-9.0
JTU300000000000000JOL,2019,M11,2019 Nov,406,13,3.3
JTU300000000000000JOL,2019,M12,2019 Dec,353,-53,-13.1
JTU300000000000000JOL,2020,M01,2020 Jan,412,59,16.7
JTU300000000000000JOL,2020,M02,2020 Feb,389,-23,-5.6
JTU300000000000000JOL,2020,M03,2020 Mar,301,-88,-22.6
JTU300000000000000JOL,2020,M04,2020 Apr,294,-7,-2.3
JTU300000000000000JOL,2020,M05,2020 May,318,24,8.2
JTU300000000000000JOL,2020,M06,2020 Jun,350,32,10.1
JTU300000000000000JOL,2020,M07,2020 Jul,432,82,23.4
JTU300000000000000JOL,2020,M08,2020 Aug,481,49,11.3
JTU300000000000000JOL,2020,M09,2020 Sep,477,-4,-0.8
JTU300000000000000JOL,2020,M10,2020 Oct,538,61,12.8
JTU300000000000000JOL,2020,M11,2020 Nov,481,-57,-10.6
JTU300000000000000JOL,2020,M12,2020 Dec,443,-38,-7.9
JTU300000000000000JOL,2021,M01,2021 Jan,519,76,17.2
JTU300000000000000JOL,2021,M02,2021 Feb,577,58,11.2
JTU300000000000000JOL,2021,M03,2021 Mar,742,165,28.6
JTU300000000000000JOL,2021,M04,2021 Apr,852,110,14.8
JTU300000000000000JOL,2021,M05,2021 May,885,33,3.9
JTU300000000000000JOL,2021,M06,2021 Jun,900,15,1.7
JTU300000000000000JOL,2021,M07,2021 Jul,960,60,6.7
JTU300000000000000JOL,2021,M08,2021 Aug,885,-75,-7.8
JTU300000000000000JOL,2021,M09,2021 Sep,944,59,6.7
JTU300000000000000JOL,2021,M10,2021 Oct,933,-11,-1.2
JTU300000000000000JOL,2021,M11,2021 Nov,805,-128,-13.7
JTU300000000000000JOL,2021,M12,2021 Dec,725,-80,-9.9
JTU300000000000000JOL,2022,M01,2022 Jan,860,135,18.6
JTU300000000000000JOL,2022,M02,2022 Feb,783,-77,-9.0
JTU300000000000000JOL,2022,M03,2022 Mar,865,82,10.5
JTU300000000000000JOL,2022,M04,2022 Apr,1004,139,16.1
JTU300000000000000JOL,2022,M05,2022 May,805,-199,-19.8
JTU300000000000000JOL,2022,M06,2022 Jun,854,49,6.1
JTU300000000000000JOL,2022,M07,2022 Jul,846,-8,-0.9
