Series ID,Year,Period,Label,Value,1-Month Net Change,1-Month % Change
JTU540099000000000HIL,2006,M01,2006 Jan,1037,319,44.4
JTU540099000000000HIL,2006,M02,2006 Feb,846,-191,-18.4
JTU540099000000000HIL,2006,M03,2006 Mar,992,146,17.3
JTU540099000000000HIL,2006,M04,2006 Apr,1013,21,2.1
JTU540099000000000HIL,2006,M05,2006 May,1117,104,10.3
JTU540099000000000HIL,2006,M06,2006 Jun,1077,-40,-3.6
JTU540099000000000HIL,2006,M07,2006 Jul,1155,78,7.2
JTU540099000000000HIL,2006,M08,2006 Aug,1025,-130,-11.3
JTU540099000000000HIL,2006,M09,2006 Sep,963,-62,-6.0
JTU540099000000000HIL,2006,M10,2006 Oct,1127,164,17.0
JTU540099000000000HIL,2006,M11,2006 Nov,958,-169,-15.0
JTU540099000000000HIL,2006,M12,2006 Dec,767,-191,-19.9
JTU540099000000000HIL,2007,M01,2007 Jan,1139,372,48.5
JTU540099000000000HIL,2007,M02,2007 Feb,834,-305,-26.8
JTU540099000000000HIL,2007,M03,2007 Mar,985,151,18.1
JTU540099000000000HIL,2007,M04,2007 Apr,1186,201,20.4
JTU540099000000000HIL,2007,M05,2007 May,1089,-97,-8.2
JTU540099000000000HIL,2007,M06,2007 Jun,940,-149,-13.7
JTU540099000000000HIL,2007,M07,2007 Jul,1086,146,15.5
JTU540099000000000HIL,2007,M08,2007 Aug,1028,-58,-5.3
JTU540099000000000HIL,2007,M09,2007 Sep,1017,-11,-1.1
JTU540099000000000HIL,2007,M10,2007 Oct,1180,163,16.0
JTU540099000000000HIL,2007,M11,2007 Nov,879,-301,-25.5
JTU540099000000000HIL,2007,M12,2007 Dec,773,-106,-12.1
JTU540099000000000HIL,2008,M01,2008 Jan,1100,327,42.3
JTU540099000000000HIL,2008,M02,2008 Feb,857,-243,-22.1
JTU540099000000000HIL,2008,M03,2008 Mar,874,17,2.0
JTU540099000000000HIL,2008,M04,2008 Apr,1053,179,20.5
JTU540099000000000HIL,2008,M05,2008 May,852,-201,-19.1
JTU540099000000000HIL,2008,M06,2008 Jun,1045,193,22.7
JTU540099000000000HIL,2008,M07,2008 Jul,919,-126,-12.1
JTU540099000000000HIL,2008,M08,2008 Aug,865,-54,-5.9
JTU540099000000000HIL,2008,M09,2008 Sep,830,-35,-4.0
JTU540099000000000HIL,2008,M10,2008 Oct,905,75,9.0
JTU540099000000000HIL,2008,M11,2008 Nov,697,-208,-23.0
JTU540099000000000HIL,2008,M12,2008 Dec,688,-9,-1.3
JTU540099000000000HIL,2009,M01,2009 Jan,787,99,14.4
JTU540099000000000HIL,2009,M02,2009 Feb,616,-171,-21.7
JTU540099000000000HIL,2009,M03,2009 Mar,629,13,2.1
JTU540099000000000HIL,2009,M04,2009 Apr,810,181,28.8
JTU540099000000000HIL,2009,M05,2009 May,701,-109,-13.5
JTU540099000000000HIL,2009,M06,2009 Jun,677,-24,-3.4
JTU540099000000000HIL,2009,M07,2009 Jul,779,102,15.1
JTU540099000000000HIL,2009,M08,2009 Aug,686,-93,-11.9
JTU540099000000000HIL,2009,M09,2009 Sep,678,-8,-1.2
JTU540099000000000HIL,2009,M10,2009 Oct,762,84,12.4
JTU540099000000000HIL,2009,M11,2009 Nov,705,-57,-7.5
JTU540099000000000HIL,2009,M12,2009 Dec,577,-128,-18.2
JTU540099000000000HIL,2010,M01,2010 Jan,833,256,44.4
JTU540099000000000HIL,2010,M02,2010 Feb,658,-175,-21.0
JTU540099000000000HIL,2010,M03,2010 Mar,717,59,9.0
JTU540099000000000HIL,2010,M04,2010 Apr,948,231,32.2
JTU540099000000000HIL,2010,M05,2010 May,854,-94,-9.9
JTU540099000000000HIL,2010,M06,2010 Jun,941,87,10.2
JTU540099000000000HIL,2010,M07,2010 Jul,860,-81,-8.6
JTU540099000000000HIL,2010,M08,2010 Aug,907,47,5.5
JTU540099000000000HIL,2010,M09,2010 Sep,755,-152,-16.8
JTU540099000000000HIL,2010,M10,2010 Oct,874,119,15.8
JTU540099000000000HIL,2010,M11,2010 Nov,764,-110,-12.6
JTU540099000000000HIL,2010,M12,2010 Dec,768,4,0.5
JTU540099000000000HIL,2011,M01,2011 Jan,914,146,19.0
JTU540099000000000HIL,2011,M02,2011 Feb,798,-116,-12.7
JTU540099000000000HIL,2011,M03,2011 Mar,935,137,17.2
JTU540099000000000HIL,2011,M04,2011 Apr,1073,138,14.8
JTU540099000000000HIL,2011,M05,2011 May,1032,-41,-3.8
JTU540099000000000HIL,2011,M06,2011 Jun,931,-101,-9.8
JTU540099000000000HIL,2011,M07,2011 Jul,952,21,2.3
JTU540099000000000HIL,2011,M08,2011 Aug,975,23,2.4
JTU540099000000000HIL,2011,M09,2011 Sep,925,-50,-5.1
JTU540099000000000HIL,2011,M10,2011 Oct,1023,98,10.6
JTU540099000000000HIL,2011,M11,2011 Nov,853,-170,-16.6
JTU540099000000000HIL,2011,M12,2011 Dec,704,-149,-17.5
JTU540099000000000HIL,2012,M01,2012 Jan,992,288,40.9
JTU540099000000000HIL,2012,M02,2012 Feb,904,-88,-8.9
JTU540099000000000HIL,2012,M03,2012 Mar,891,-13,-1.4
JTU540099000000000HIL,2012,M04,2012 Apr,1056,165,18.5
JTU540099000000000HIL,2012,M05,2012 May,1060,4,0.4
JTU540099000000000HIL,2012,M06,2012 Jun,994,-66,-6.2
JTU540099000000000HIL,2012,M07,2012 Jul,900,-94,-9.5
JTU540099000000000HIL,2012,M08,2012 Aug,862,-38,-4.2
JTU540099000000000HIL,2012,M09,2012 Sep,808,-54,-6.3
JTU540099000000000HIL,2012,M10,2012 Oct,944,136,16.8
JTU540099000000000HIL,2012,M11,2012 Nov,843,-101,-10.7
JTU540099000000000HIL,2012,M12,2012 Dec,698,-145,-17.2
JTU540099000000000HIL,2013,M01,2013 Jan,932,234,33.5
JTU540099000000000HIL,2013,M02,2013 Feb,752,-180,-19.3
JTU540099000000000HIL,2013,M03,2013 Mar,814,62,8.2
JTU540099000000000HIL,2013,M04,2013 Apr,1068,254,31.2
JTU540099000000000HIL,2013,M05,2013 May,991,-77,-7.2
JTU540099000000000HIL,2013,M06,2013 Jun,1046,55,5.5
JTU540099000000000HIL,2013,M07,2013 Jul,999,-47,-4.5
JTU540099000000000HIL,2013,M08,2013 Aug,1047,48,4.8
JTU540099000000000HIL,2013,M09,2013 Sep,933,-114,-10.9
JTU540099000000000HIL,2013,M10,2013 Oct,925,-8,-0.9
JTU540099000000000HIL,2013,M11,2013 Nov,869,-56,-6.1
JTU540099000000000HIL,2013,M12,2013 Dec,752,-117,-13.5
JTU540099000000000HIL,2014,M01,2014 Jan,1043,291,38.7
JTU540099000000000HIL,2014,M02,2014 Feb,877,-166,-15.9
JTU540099000000000HIL,2014,M03,2014 Mar,943,66,7.5
JTU540099000000000HIL,2014,M04,2014 Apr,1138,195,20.7
JTU540099000000000HIL,2014,M05,2014 May,1000,-138,-12.1
JTU540099000000000HIL,2014,M06,2014 Jun,1114,114,11.4
JTU540099000000000HIL,2014,M07,2014 Jul,1094,-20,-1.8
JTU540099000000000HIL,2014,M08,2014 Aug,1106,12,1.1
JTU540099000000000HIL,2014,M09,2014 Sep,1071,-35,-3.2
JTU540099000000000HIL,2014,M10,2014 Oct,1141,70,6.5
JTU540099000000000HIL,2014,M11,2014 Nov,849,-292,-25.6
JTU540099000000000HIL,2014,M12,2014 Dec,833,-16,-1.9
JTU540099000000000HIL,2015,M01,2015 Jan,1086,253,30.4
JTU540099000000000HIL,2015,M02,2015 Feb,964,-122,-11.2
JTU540099000000000HIL,2015,M03,2015 Mar,1020,56,5.8
JTU540099000000000HIL,2015,M04,2015 Apr,1225,205,20.1
JTU540099000000000HIL,2015,M05,2015 May,1147,-78,-6.4
JTU540099000000000HIL,2015,M06,2015 Jun,1134,-13,-1.1
JTU540099000000000HIL,2015,M07,2015 Jul,1065,-69,-6.1
JTU540099000000000HIL,2015,M08,2015 Aug,1058,-7,-0.7
JTU540099000000000HIL,2015,M09,2015 Sep,1052,-6,-0.6
JTU540099000000000HIL,2015,M10,2015 Oct,1155,103,9.8
JTU540099000000000HIL,2015,M11,2015 Nov,1019,-136,-11.8
JTU540099000000000HIL,2015,M12,2015 Dec,1019,0,0.0
JTU540099000000000HIL,2016,M01,2016 Jan,1257,238,23.4
JTU540099000000000HIL,2016,M02,2016 Feb,981,-276,-22.0
JTU540099000000000HIL,2016,M03,2016 Mar,1048,67,6.8
JTU540099000000000HIL,2016,M04,2016 Apr,1217,169,16.1
JTU540099000000000HIL,2016,M05,2016 May,1163,-54,-4.4
JTU540099000000000HIL,2016,M06,2016 Jun,1169,6,0.5
JTU540099000000000HIL,2016,M07,2016 Jul,1252,83,7.1
JTU540099000000000HIL,2016,M08,2016 Aug,1117,-135,-10.8
JTU540099000000000HIL,2016,M09,2016 Sep,1072,-45,-4.0
JTU540099000000000HIL,2016,M10,2016 Oct,1136,64,6.0
JTU540099000000000HIL,2016,M11,2016 Nov,1015,-121,-10.7
JTU540099000000000HIL,2016,M12,2016 Dec,913,-102,-10.0
JTU540099000000000HIL,2017,M01,2017 Jan,1197,284,31.1
JTU540099000000000HIL,2017,M02,2017 Feb,917,-280,-23.4
JTU540099000000000HIL,2017,M03,2017 Mar,981,64,7.0
JTU540099000000000HIL,2017,M04,2017 Apr,1129,148,15.1
JTU540099000000000HIL,2017,M05,2017 May,1174,45,4.0
JTU540099000000000HIL,2017,M06,2017 Jun,1359,185,15.8
JTU540099000000000HIL,2017,M07,2017 Jul,1253,-106,-7.8
JTU540099000000000HIL,2017,M08,2017 Aug,1172,-81,-6.5
JTU540099000000000HIL,2017,M09,2017 Sep,1118,-54,-4.6
JTU540099000000000HIL,2017,M10,2017 Oct,1248,130,11.6
JTU540099000000000HIL,2017,M11,2017 Nov,1007,-241,-19.3
JTU540099000000000HIL,2017,M12,2017 Dec,873,-134,-13.3
JTU540099000000000HIL,2018,M01,2018 Jan,1155,282,32.3
JTU540099000000000HIL,2018,M02,2018 Feb,1021,-134,-11.6
JTU540099000000000HIL,2018,M03,2018 Mar,1111,90,8.8
JTU540099000000000HIL,2018,M04,2018 Apr,1240,129,11.6
JTU540099000000000HIL,2018,M05,2018 May,1254,14,1.1
JTU540099000000000HIL,2018,M06,2018 Jun,1319,65,5.2
JTU540099000000000HIL,2018,M07,2018 Jul,1209,-110,-8.3
JTU540099000000000HIL,2018,M08,2018 Aug,1126,-83,-6.9
JTU540099000000000HIL,2018,M09,2018 Sep,1074,-52,-4.6
JTU540099000000000HIL,2018,M10,2018 Oct,1254,180,16.8
JTU540099000000000HIL,2018,M11,2018 Nov,1023,-231,-18.4
JTU540099000000000HIL,2018,M12,2018 Dec,960,-63,-6.2
JTU540099000000000HIL,2019,M01,2019 Jan,1122,162,16.9
JTU540099000000000HIL,2019,M02,2019 Feb,1028,-94,-8.4
JTU540099000000000HIL,2019,M03,2019 Mar,1117,89,8.7
JTU540099000000000HIL,2019,M04,2019 Apr,1367,250,22.4
JTU540099000000000HIL,2019,M05,2019 May,1223,-144,-10.5
JTU540099000000000HIL,2019,M06,2019 Jun,1235,12,1.0
JTU540099000000000HIL,2019,M07,2019 Jul,1250,15,1.2
JTU540099000000000HIL,2019,M08,2019 Aug,1151,-99,-7.9
JTU540099000000000HIL,2019,M09,2019 Sep,1130,-21,-1.8
JTU540099000000000HIL,2019,M10,2019 Oct,1176,46,4.1
JTU540099000000000HIL,2019,M11,2019 Nov,1031,-145,-12.3
JTU540099000000000HIL,2019,M12,2019 Dec,955,-76,-7.4
JTU540099000000000HIL,2020,M01,2020 Jan,1219,264,27.6
JTU540099000000000HIL,2020,M02,2020 Feb,971,-248,-20.3
JTU540099000000000HIL,2020,M03,2020 Mar,1068,97,10.0
JTU540099000000000HIL,2020,M04,2020 Apr,919,-149,-14.0
JTU540099000000000HIL,2020,M05,2020 May,1062,143,15.6
JTU540099000000000HIL,2020,M06,2020 Jun,1321,259,24.4
JTU540099000000000HIL,2020,M07,2020 Jul,1240,-81,-6.1
JTU540099000000000HIL,2020,M08,2020 Aug,1172,-68,-5.5
JTU540099000000000HIL,2020,M09,2020 Sep,1129,-43,-3.7
JTU540099000000000HIL,2020,M10,2020 Oct,1224,95,8.4
JTU540099000000000HIL,2020,M11,2020 Nov,1136,-88,-7.2
JTU540099000000000HIL,2020,M12,2020 Dec,958,-178,-15.7
JTU540099000000000HIL,2021,M01,2021 Jan,1214,256,26.7
JTU540099000000000HIL,2021,M02,2021 Feb,1067,-147,-12.1
JTU540099000000000HIL,2021,M03,2021 Mar,1139,72,6.7
JTU540099000000000HIL,2021,M04,2021 Apr,1215,76,6.7
JTU540099000000000HIL,2021,M05,2021 May,1223,8,0.7
JTU540099000000000HIL,2021,M06,2021 Jun,1380,157,12.8
JTU540099000000000HIL,2021,M07,2021 Jul,1469,89,6.4
JTU540099000000000HIL,2021,M08,2021 Aug,1219,-250,-17.0
JTU540099000000000HIL,2021,M09,2021 Sep,1241,22,1.8
JTU540099000000000HIL,2021,M10,2021 Oct,1408,167,13.5
JTU540099000000000HIL,2021,M11,2021 Nov,1216,-192,-13.6
JTU540099000000000HIL,2021,M12,2021 Dec,980,-236,-19.4
JTU540099000000000HIL,2022,M01,2022 Jan,1270,290,29.6
JTU540099000000000HIL,2022,M02,2022 Feb,1147,-123,-9.7
JTU540099000000000HIL,2022,M03,2022 Mar,1248,101,8.8
JTU540099000000000HIL,2022,M04,2022 Apr,1411,163,13.1
JTU540099000000000HIL,2022,M05,2022 May,1380,-31,-2.2
JTU540099000000000HIL,2022,M06,2022 Jun,1414,34,2.5
JTU540099000000000HIL,2022,M07,2022 Jul,1431,17,1.2
