Series ID,Year,Period,Label,Value,1-Month Net Change,1-Month % Change
JTU540099000000000TSL,2006,M01,2006 Jan,1032,196,23.4
JTU540099000000000TSL,2006,M02,2006 Feb,766,-266,-25.8
JTU540099000000000TSL,2006,M03,2006 Mar,891,125,16.3
JTU540099000000000TSL,2006,M04,2006 Apr,973,82,9.2
JTU540099000000000TSL,2006,M05,2006 May,996,23,2.4
JTU540099000000000TSL,2006,M06,2006 Jun,885,-111,-11.1
JTU540099000000000TSL,2006,M07,2006 Jul,1097,212,24.0
JTU540099000000000TSL,2006,M08,2006 Aug,1004,-93,-8.5
JTU540099000000000TSL,2006,M09,2006 Sep,936,-68,-6.8
JTU540099000000000TSL,2006,M10,2006 Oct,1113,177,18.9
JTU540099000000000TSL,2006,M11,2006 Nov,960,-153,-13.7
JTU540099000000000TSL,2006,M12,2006 Dec,915,-45,-4.7
JTU540099000000000TSL,2007,M01,2007 Jan,1118,203,22.2
JTU540099000000000TSL,2007,M02,2007 Feb,805,-313,-28.0
JTU540099000000000TSL,2007,M03,2007 Mar,925,120,14.9
JTU540099000000000TSL,2007,M04,2007 Apr,1140,215,23.2
JTU540099000000000TSL,2007,M05,2007 May,978,-162,-14.2
JTU540099000000000TSL,2007,M06,2007 Jun,818,-160,-16.4
JTU540099000000000TSL,2007,M07,2007 Jul,1053,235,28.7
JTU540099000000000TSL,2007,M08,2007 Aug,1051,-2,-0.2
JTU540099000000000TSL,2007,M09,2007 Sep,982,-69,-6.6
JTU540099000000000TSL,2007,M10,2007 Oct,1127,145,14.8
JTU540099000000000TSL,2007,M11,2007 Nov,941,-186,-16.5
JTU540099000000000TSL,2007,M12,2007 Dec,935,-6,-0.6
JTU540099000000000TSL,2008,M01,2008 Jan,1166,231,24.7
JTU540099000000000TSL,2008,M02,2008 Feb,912,-254,-21.8
JTU540099000000000TSL,2008,M03,2008 Mar,869,-43,-4.7
JTU540099000000000TSL,2008,M04,2008 Apr,1030,161,18.5
JTU540099000000000TSL,2008,M05,2008 May,838,-192,-18.6
JTU540099000000000TSL,2008,M06,2008 Jun,955,117,14.0
JTU540099000000000TSL,2008,M07,2008 Jul,950,-5,-0.5
JTU540099000000000TSL,2008,M08,2008 Aug,960,10,1.1
JTU540099000000000TSL,2008,M09,2008 Sep,883,-77,-8.0
JTU540099000000000TSL,2008,M10,2008 Oct,1005,122,13.8
JTU540099000000000TSL,2008,M11,2008 Nov,906,-99,-9.9
JTU540099000000000TSL,2008,M12,2008 Dec,1029,123,13.6
JTU540099000000000TSL,2009,M01,2009 Jan,1007,-22,-2.1
JTU540099000000000TSL,2009,M02,2009 Feb,801,-206,-20.5
JTU540099000000000TSL,2009,M03,2009 Mar,718,-83,-10.4
JTU540099000000000TSL,2009,M04,2009 Apr,918,200,27.9
JTU540099000000000TSL,2009,M05,2009 May,692,-226,-24.6
JTU540099000000000TSL,2009,M06,2009 Jun,696,4,0.6
JTU540099000000000TSL,2009,M07,2009 Jul,771,75,10.8
JTU540099000000000TSL,2009,M08,2009 Aug,725,-46,-6.0
JTU540099000000000TSL,2009,M09,2009 Sep,671,-54,-7.4
JTU540099000000000TSL,2009,M10,2009 Oct,719,48,7.2
JTU540099000000000TSL,2009,M11,2009 Nov,689,-30,-4.2
JTU540099000000000TSL,2009,M12,2009 Dec,758,69,10.0
JTU540099000000000TSL,2010,M01,2010 Jan,864,106,14.0
JTU540099000000000TSL,2010,M02,2010 Feb,648,-216,-25.0
JTU540099000000000TSL,2010,M03,2010 Mar,678,30,4.6
JTU540099000000000TSL,2010,M04,2010 Apr,789,111,16.4
JTU540099000000000TSL,2010,M05,2010 May,756,-33,-4.2
JTU540099000000000TSL,2010,M06,2010 Jun,772,16,2.1
JTU540099000000000TSL,2010,M07,2010 Jul,813,41,5.3
JTU540099000000000TSL,2010,M08,2010 Aug,884,71,8.7
JTU540099000000000TSL,2010,M09,2010 Sep,758,-126,-14.3
JTU540099000000000TSL,2010,M10,2010 Oct,768,10,1.3
JTU540099000000000TSL,2010,M11,2010 Nov,711,-57,-7.4
JTU540099000000000TSL,2010,M12,2010 Dec,939,228,32.1
JTU540099000000000TSL,2011,M01,2011 Jan,964,25,2.7
JTU540099000000000TSL,2011,M02,2011 Feb,725,-239,-24.8
JTU540099000000000TSL,2011,M03,2011 Mar,805,80,11.0
JTU540099000000000TSL,2011,M04,2011 Apr,929,124,15.4
JTU540099000000000TSL,2011,M05,2011 May,923,-6,-0.6
JTU540099000000000TSL,2011,M06,2011 Jun,819,-104,-11.3
JTU540099000000000TSL,2011,M07,2011 Jul,900,81,9.9
JTU540099000000000TSL,2011,M08,2011 Aug,947,47,5.2
JTU540099000000000TSL,2011,M09,2011 Sep,898,-49,-5.2
JTU540099000000000TSL,2011,M10,2011 Oct,929,31,3.5
JTU540099000000000TSL,2011,M11,2011 Nov,846,-83,-8.9
JTU540099000000000TSL,2011,M12,2011 Dec,840,-6,-0.7
JTU540099000000000TSL,2012,M01,2012 Jan,955,115,13.7
JTU540099000000000TSL,2012,M02,2012 Feb,829,-126,-13.2
JTU540099000000000TSL,2012,M03,2012 Mar,801,-28,-3.4
JTU540099000000000TSL,2012,M04,2012 Apr,934,133,16.6
JTU540099000000000TSL,2012,M05,2012 May,989,55,5.9
JTU540099000000000TSL,2012,M06,2012 Jun,844,-145,-14.7
JTU540099000000000TSL,2012,M07,2012 Jul,813,-31,-3.7
JTU540099000000000TSL,2012,M08,2012 Aug,872,59,7.3
JTU540099000000000TSL,2012,M09,2012 Sep,831,-41,-4.7
JTU540099000000000TSL,2012,M10,2012 Oct,832,1,0.1
JTU540099000000000TSL,2012,M11,2012 Nov,808,-24,-2.9
JTU540099000000000TSL,2012,M12,2012 Dec,844,36,4.5
JTU540099000000000TSL,2013,M01,2013 Jan,932,88,10.4
JTU540099000000000TSL,2013,M02,2013 Feb,654,-278,-29.8
JTU540099000000000TSL,2013,M03,2013 Mar,721,67,10.2
JTU540099000000000TSL,2013,M04,2013 Apr,932,211,29.3
JTU540099000000000TSL,2013,M05,2013 May,908,-24,-2.6
JTU540099000000000TSL,2013,M06,2013 Jun,912,4,0.4
JTU540099000000000TSL,2013,M07,2013 Jul,899,-13,-1.4
JTU540099000000000TSL,2013,M08,2013 Aug,1072,173,19.2
JTU540099000000000TSL,2013,M09,2013 Sep,941,-131,-12.2
JTU540099000000000TSL,2013,M10,2013 Oct,848,-93,-9.9
JTU540099000000000TSL,2013,M11,2013 Nov,814,-34,-4.0
JTU540099000000000TSL,2013,M12,2013 Dec,940,126,15.5
JTU540099000000000TSL,2014,M01,2014 Jan,1034,94,10.0
JTU540099000000000TSL,2014,M02,2014 Feb,804,-230,-22.2
JTU540099000000000TSL,2014,M03,2014 Mar,866,62,7.7
JTU540099000000000TSL,2014,M04,2014 Apr,999,133,15.4
JTU540099000000000TSL,2014,M05,2014 May,939,-60,-6.0
JTU540099000000000TSL,2014,M06,2014 Jun,958,19,2.0
JTU540099000000000TSL,2014,M07,2014 Jul,998,40,4.2
JTU540099000000000TSL,2014,M08,2014 Aug,1094,96,9.6
JTU540099000000000TSL,2014,M09,2014 Sep,1056,-38,-3.5
JTU540099000000000TSL,2014,M10,2014 Oct,1094,38,3.6
JTU540099000000000TSL,2014,M11,2014 Nov,809,-285,-26.1
JTU540099000000000TSL,2014,M12,2014 Dec,933,124,15.3
JTU540099000000000TSL,2015,M01,2015 Jan,1118,185,19.8
JTU540099000000000TSL,2015,M02,2015 Feb,893,-225,-20.1
JTU540099000000000TSL,2015,M03,2015 Mar,959,66,7.4
JTU540099000000000TSL,2015,M04,2015 Apr,1086,127,13.2
JTU540099000000000TSL,2015,M05,2015 May,1042,-44,-4.1
JTU540099000000000TSL,2015,M06,2015 Jun,992,-50,-4.8
JTU540099000000000TSL,2015,M07,2015 Jul,988,-4,-0.4
JTU540099000000000TSL,2015,M08,2015 Aug,1089,101,10.2
JTU540099000000000TSL,2015,M09,2015 Sep,1065,-24,-2.2
JTU540099000000000TSL,2015,M10,2015 Oct,1034,-31,-2.9
JTU540099000000000TSL,2015,M11,2015 Nov,995,-39,-3.8
JTU540099000000000TSL,2015,M12,2015 Dec,1173,178,17.9
JTU540099000000000TSL,2016,M01,2016 Jan,1285,112,9.5
JTU540099000000000TSL,2016,M02,2016 Feb,948,-337,-26.2
JTU540099000000000TSL,2016,M03,2016 Mar,1002,54,5.7
JTU540099000000000TSL,2016,M04,2016 Apr,1101,99,9.9
JTU540099000000000TSL,2016,M05,2016 May,1159,58,5.3
JTU540099000000000TSL,2016,M06,2016 Jun,1032,-127,-11.0
JTU540099000000000TSL,2016,M07,2016 Jul,1153,121,11.7
JTU540099000000000TSL,2016,M08,2016 Aug,1171,18,1.6
JTU540099000000000TSL,2016,M09,2016 Sep,1035,-136,-11.6
JTU540099000000000TSL,2016,M10,2016 Oct,1063,28,2.7
JTU540099000000000TSL,2016,M11,2016 Nov,986,-77,-7.2
JTU540099000000000TSL,2016,M12,2016 Dec,1071,85,8.6
JTU540099000000000TSL,2017,M01,2017 Jan,1205,134,12.5
JTU540099000000000TSL,2017,M02,2017 Feb,884,-321,-26.6
JTU540099000000000TSL,2017,M03,2017 Mar,941,57,6.4
JTU540099000000000TSL,2017,M04,2017 Apr,1009,68,7.2
JTU540099000000000TSL,2017,M05,2017 May,1087,78,7.7
JTU540099000000000TSL,2017,M06,2017 Jun,1204,117,10.8
JTU540099000000000TSL,2017,M07,2017 Jul,1157,-47,-3.9
JTU540099000000000TSL,2017,M08,2017 Aug,1191,34,2.9
JTU540099000000000TSL,2017,M09,2017 Sep,1148,-43,-3.6
JTU540099000000000TSL,2017,M10,2017 Oct,1152,4,0.3
JTU540099000000000TSL,2017,M11,2017 Nov,992,-160,-13.9
JTU540099000000000TSL,2017,M12,2017 Dec,1055,63,6.4
JTU540099000000000TSL,2018,M01,2018 Jan,1144,89,8.4
JTU540099000000000TSL,2018,M02,2018 Feb,969,-175,-15.3
JTU540099000000000TSL,2018,M03,2018 Mar,1051,82,8.5
JTU540099000000000TSL,2018,M04,2018 Apr,1091,40,3.8
JTU540099000000000TSL,2018,M05,2018 May,1159,68,6.2
JTU540099000000000TSL,2018,M06,2018 Jun,1164,5,0.4
JTU540099000000000TSL,2018,M07,2018 Jul,1150,-14,-1.2
JTU540099000000000TSL,2018,M08,2018 Aug,1143,-7,-0.6
JTU540099000000000TSL,2018,M09,2018 Sep,1066,-77,-6.7
JTU540099000000000TSL,2018,M10,2018 Oct,1165,99,9.3
JTU540099000000000TSL,2018,M11,2018 Nov,1016,-149,-12.8
JTU540099000000000TSL,2018,M12,2018 Dec,1183,167,16.4
JTU540099000000000TSL,2019,M01,2019 Jan,1171,-12,-1.0
JTU540099000000000TSL,2019,M02,2019 Feb,992,-179,-15.3
JTU540099000000000TSL,2019,M03,2019 Mar,1075,83,8.4
JTU540099000000000TSL,2019,M04,2019 Apr,1215,140,13.0
JTU540099000000000TSL,2019,M05,2019 May,1133,-82,-6.7
JTU540099000000000TSL,2019,M06,2019 Jun,1081,-52,-4.6
JTU540099000000000TSL,2019,M07,2019 Jul,1190,109,10.1
JTU540099000000000TSL,2019,M08,2019 Aug,1185,-5,-0.4
JTU540099000000000TSL,2019,M09,2019 Sep,1143,-42,-3.5
JTU540099000000000TSL,2019,M10,2019 Oct,1102,-41,-3.6
JTU540099000000000TSL,2019,M11,2019 Nov,1017,-85,-7.7
JTU540099000000000TSL,2019,M12,2019 Dec,1208,191,18.8
JTU540099000000000TSL,2020,M01,2020 Jan,1264,56,4.6
JTU540099000000000TSL,2020,M02,2020 Feb,967,-297,-23.5
JTU540099000000000TSL,2020,M03,2020 Mar,1846,879,90.9
JTU540099000000000TSL,2020,M04,2020 Apr,1743,-103,-5.6
JTU540099000000000TSL,2020,M05,2020 May,941,-802,-46.0
JTU540099000000000TSL,2020,M06,2020 Jun,909,-32,-3.4
JTU540099000000000TSL,2020,M07,2020 Jul,1075,166,18.3
JTU540099000000000TSL,2020,M08,2020 Aug,1026,-49,-4.6
JTU540099000000000TSL,2020,M09,2020 Sep,1070,44,4.3
JTU540099000000000TSL,2020,M10,2020 Oct,1026,-44,-4.1
JTU540099000000000TSL,2020,M11,2020 Nov,1019,-7,-0.7
JTU540099000000000TSL,2020,M12,2020 Dec,1045,26,2.6
JTU540099000000000TSL,2021,M01,2021 Jan,1112,67,6.4
JTU540099000000000TSL,2021,M02,2021 Feb,1002,-110,-9.9
JTU540099000000000TSL,2021,M03,2021 Mar,1003,1,0.1
JTU540099000000000TSL,2021,M04,2021 Apr,1219,216,21.5
JTU540099000000000TSL,2021,M05,2021 May,1056,-163,-13.4
JTU540099000000000TSL,2021,M06,2021 Jun,1186,130,12.3
JTU540099000000000TSL,2021,M07,2021 Jul,1283,97,8.2
JTU540099000000000TSL,2021,M08,2021 Aug,1197,-86,-6.7
JTU540099000000000TSL,2021,M09,2021 Sep,1198,1,0.1
JTU540099000000000TSL,2021,M10,2021 Oct,1092,-106,-8.8
JTU540099000000000TSL,2021,M11,2021 Nov,1143,51,4.7
JTU540099000000000TSL,2021,M12,2021 Dec,1153,10,0.9
JTU540099000000000TSL,2022,M01,2022 Jan,1207,54,4.7
JTU540099000000000TSL,2022,M02,2022 Feb,1064,-143,-11.8
JTU540099000000000TSL,2022,M03,2022 Mar,1167,103,9.7
JTU540099000000000TSL,2022,M04,2022 Apr,1287,120,10.3
JTU540099000000000TSL,2022,M05,2022 May,1189,-98,-7.6
JTU540099000000000TSL,2022,M06,2022 Jun,1216,27,2.3
JTU540099000000000TSL,2022,M07,2022 Jul,1344,128,10.5
