Series ID,Year,Period,Label,Value,1-Month Net Change,1-Month % Change
JTS000000000000000QUL,2006,M01,2006 Jan,2945,96,3.4
JTS000000000000000QUL,2006,M02,2006 Feb,2965,20,0.7
JTS000000000000000QUL,2006,M03,2006 Mar,2956,-9,-0.3
JTS000000000000000QUL,2006,M04,2006 Apr,2778,-178,-6.0
JTS000000000000000QUL,2006,M05,2006 May,3002,224,8.1
JTS000000000000000QUL,2006,M06,2006 Jun,3042,40,1.3
JTS000000000000000QUL,2006,M07,2006 Jul,3047,5,0.2
JTS000000000000000QUL,2006,M08,2006 Aug,3056,9,0.3
JTS000000000000000QUL,2006,M09,2006 Sep,2888,-168,-5.5
JTS000000000000000QUL,2006,M10,2006 Oct,2983,95,3.3
JTS000000000000000QUL,2006,M11,2006 Nov,3043,60,2.0
JTS000000000000000QUL,2006,M12,2006 Dec,2999,-44,-1.4
JTS000000000000000QUL,2007,M01,2007 Jan,2956,-43,-1.4
JTS000000000000000QUL,2007,M02,2007 Feb,2933,-23,-0.8
JTS000000000000000QUL,2007,M03,2007 Mar,2997,64,2.2
JTS000000000000000QUL,2007,M04,2007 Apr,2911,-86,-2.9
JTS000000000000000QUL,2007,M05,2007 May,3010,99,3.4
JTS000000000000000QUL,2007,M06,2007 Jun,2910,-100,-3.3
JTS000000000000000QUL,2007,M07,2007 Jul,2951,41,1.4
JTS000000000000000QUL,2007,M08,2007 Aug,3014,63,2.1
JTS000000000000000QUL,2007,M09,2007 Sep,2691,-323,-10.7
JTS000000000000000QUL,2007,M10,2007 Oct,2926,235,8.7
JTS000000000000000QUL,2007,M11,2007 Nov,2784,-142,-4.9
JTS000000000000000QUL,2007,M12,2007 Dec,2773,-11,-0.4
JTS000000000000000QUL,2008,M01,2008 Jan,2847,74,2.7
JTS000000000000000QUL,2008,M02,2008 Feb,2881,34,1.2
JTS000000000000000QUL,2008,M03,2008 Mar,2661,-220,-7.6
JTS000000000000000QUL,2008,M04,2008 Apr,2837,176,6.6
JTS000000000000000QUL,2008,M05,2008 May,2607,-230,-8.1
JTS000000000000000QUL,2008,M06,2008 Jun,2595,-12,-0.5
JTS000000000000000QUL,2008,M07,2008 Jul,2489,-106,-4.1
JTS000000000000000QUL,2008,M08,2008 Aug,2445,-44,-1.8
JTS000000000000000QUL,2008,M09,2008 Sep,2468,23,0.9
JTS000000000000000QUL,2008,M10,2008 Oct,2347,-121,-4.9
JTS000000000000000QUL,2008,M11,2008 Nov,2157,-190,-8.1
JTS000000000000000QUL,2008,M12,2008 Dec,2084,-73,-3.4
JTS000000000000000QUL,2009,M01,2009 Jan,1976,-108,-5.2
JTS000000000000000QUL,2009,M02,2009 Feb,1952,-24,-1.2
JTS000000000000000QUL,2009,M03,2009 Mar,1834,-118,-6.0
JTS000000000000000QUL,2009,M04,2009 Apr,1712,-122,-6.7
JTS000000000000000QUL,2009,M05,2009 May,1683,-29,-1.7
JTS000000000000000QUL,2009,M06,2009 Jun,1685,2,0.1
JTS000000000000000QUL,2009,M07,2009 Jul,1685,0,0.0
JTS000000000000000QUL,2009,M08,2009 Aug,1555,-130,-7.7
JTS000000000000000QUL,2009,M09,2009 Sep,1627,72,4.6
JTS000000000000000QUL,2009,M10,2009 Oct,1660,33,2.0
JTS000000000000000QUL,2009,M11,2009 Nov,1810,150,9.0
JTS000000000000000QUL,2009,M12,2009 Dec,1766,-44,-2.4
JTS000000000000000QUL,2010,M01,2010 Jan,1742,-24,-1.4
JTS000000000000000QUL,2010,M02,2010 Feb,1844,102,5.9
JTS000000000000000QUL,2010,M03,2010 Mar,1856,12,0.7
JTS000000000000000QUL,2010,M04,2010 Apr,1897,41,2.2
JTS000000000000000QUL,2010,M05,2010 May,1813,-84,-4.4
JTS000000000000000QUL,2010,M06,2010 Jun,1911,98,5.4
JTS000000000000000QUL,2010,M07,2010 Jul,1785,-126,-6.6
JTS000000000000000QUL,2010,M08,2010 Aug,1842,57,3.2
JTS000000000000000QUL,2010,M09,2010 Sep,1895,53,2.9
JTS000000000000000QUL,2010,M10,2010 Oct,1846,-49,-2.6
JTS000000000000000QUL,2010,M11,2010 Nov,1887,41,2.2
JTS000000000000000QUL,2010,M12,2010 Dec,1977,90,4.8
JTS000000000000000QUL,2011,M01,2011 Jan,1832,-145,-7.3
JTS000000000000000QUL,2011,M02,2011 Feb,1958,126,6.9
JTS000000000000000QUL,2011,M03,2011 Mar,2033,75,3.8
JTS000000000000000QUL,2011,M04,2011 Apr,1882,-151,-7.4
JTS000000000000000QUL,2011,M05,2011 May,1965,83,4.4
JTS000000000000000QUL,2011,M06,2011 Jun,1923,-42,-2.1
JTS000000000000000QUL,2011,M07,2011 Jul,1986,63,3.3
JTS000000000000000QUL,2011,M08,2011 Aug,2031,45,2.3
JTS000000000000000QUL,2011,M09,2011 Sep,2041,10,0.5
JTS000000000000000QUL,2011,M10,2011 Oct,1997,-44,-2.2
JTS000000000000000QUL,2011,M11,2011 Nov,2039,42,2.1
JTS000000000000000QUL,2011,M12,2011 Dec,1981,-58,-2.8
JTS000000000000000QUL,2012,M01,2012 Jan,2030,49,2.5
JTS000000000000000QUL,2012,M02,2012 Feb,2130,100,4.9
JTS000000000000000QUL,2012,M03,2012 Mar,2167,37,1.7
JTS000000000000000QUL,2012,M04,2012 Apr,2134,-33,-1.5
JTS000000000000000QUL,2012,M05,2012 May,2138,4,0.2
JTS000000000000000QUL,2012,M06,2012 Jun,2152,14,0.7
JTS000000000000000QUL,2012,M07,2012 Jul,2072,-80,-3.7
JTS000000000000000QUL,2012,M08,2012 Aug,2069,-3,-0.1
JTS000000000000000QUL,2012,M09,2012 Sep,1950,-119,-5.8
JTS000000000000000QUL,2012,M10,2012 Oct,2035,85,4.4
JTS000000000000000QUL,2012,M11,2012 Nov,2078,43,2.1
JTS000000000000000QUL,2012,M12,2012 Dec,2051,-27,-1.3
JTS000000000000000QUL,2013,M01,2013 Jan,2280,229,11.2
JTS000000000000000QUL,2013,M02,2013 Feb,2298,18,0.8
JTS000000000000000QUL,2013,M03,2013 Mar,2124,-174,-7.6
JTS000000000000000QUL,2013,M04,2013 Apr,2296,172,8.1
JTS000000000000000QUL,2013,M05,2013 May,2234,-62,-2.7
JTS000000000000000QUL,2013,M06,2013 Jun,2203,-31,-1.4
JTS000000000000000QUL,2013,M07,2013 Jul,2363,160,7.3
JTS000000000000000QUL,2013,M08,2013 Aug,2316,-47,-2.0
JTS000000000000000QUL,2013,M09,2013 Sep,2302,-14,-0.6
JTS000000000000000QUL,2013,M10,2013 Oct,2372,70,3.0
JTS000000000000000QUL,2013,M11,2013 Nov,2391,19,0.8
JTS000000000000000QUL,2013,M12,2013 Dec,2287,-104,-4.3
JTS000000000000000QUL,2014,M01,2014 Jan,2311,24,1.0
JTS000000000000000QUL,2014,M02,2014 Feb,2411,100,4.3
JTS000000000000000QUL,2014,M03,2014 Mar,2449,38,1.6
JTS000000000000000QUL,2014,M04,2014 Apr,2474,25,1.0
JTS000000000000000QUL,2014,M05,2014 May,2483,9,0.4
JTS000000000000000QUL,2014,M06,2014 Jun,2507,24,1.0
JTS000000000000000QUL,2014,M07,2014 Jul,2633,126,5.0
JTS000000000000000QUL,2014,M08,2014 Aug,2549,-84,-3.2
JTS000000000000000QUL,2014,M09,2014 Sep,2732,183,7.2
JTS000000000000000QUL,2014,M10,2014 Oct,2718,-14,-0.5
JTS000000000000000QUL,2014,M11,2014 Nov,2600,-118,-4.3
JTS000000000000000QUL,2014,M12,2014 Dec,2552,-48,-1.8
JTS000000000000000QUL,2015,M01,2015 Jan,2764,212,8.3
JTS000000000000000QUL,2015,M02,2015 Feb,2741,-23,-0.8
JTS000000000000000QUL,2015,M03,2015 Mar,2754,13,0.5
JTS000000000000000QUL,2015,M04,2015 Apr,2705,-49,-1.8
JTS000000000000000QUL,2015,M05,2015 May,2743,38,1.4
JTS000000000000000QUL,2015,M06,2015 Jun,2756,13,0.5
JTS000000000000000QUL,2015,M07,2015 Jul,2764,8,0.3
JTS000000000000000QUL,2015,M08,2015 Aug,2879,115,4.2
JTS000000000000000QUL,2015,M09,2015 Sep,2778,-101,-3.5
JTS000000000000000QUL,2015,M10,2015 Oct,2810,32,1.2
JTS000000000000000QUL,2015,M11,2015 Nov,2897,87,3.1
JTS000000000000000QUL,2015,M12,2015 Dec,3056,159,5.5
JTS000000000000000QUL,2016,M01,2016 Jan,2875,-181,-5.9
JTS000000000000000QUL,2016,M02,2016 Feb,2994,119,4.1
JTS000000000000000QUL,2016,M03,2016 Mar,2917,-77,-2.6
JTS000000000000000QUL,2016,M04,2016 Apr,2955,38,1.3
JTS000000000000000QUL,2016,M05,2016 May,3009,54,1.8
JTS000000000000000QUL,2016,M06,2016 Jun,3018,9,0.3
JTS000000000000000QUL,2016,M07,2016 Jul,2967,-51,-1.7
JTS000000000000000QUL,2016,M08,2016 Aug,2998,31,1.0
JTS000000000000000QUL,2016,M09,2016 Sep,3047,49,1.6
JTS000000000000000QUL,2016,M10,2016 Oct,3074,27,0.9
JTS000000000000000QUL,2016,M11,2016 Nov,3026,-48,-1.6
JTS000000000000000QUL,2016,M12,2016 Dec,2989,-37,-1.2
JTS000000000000000QUL,2017,M01,2017 Jan,3188,199,6.7
JTS000000000000000QUL,2017,M02,2017 Feb,3089,-99,-3.1
JTS000000000000000QUL,2017,M03,2017 Mar,3150,61,2.0
JTS000000000000000QUL,2017,M04,2017 Apr,3028,-122,-3.9
JTS000000000000000QUL,2017,M05,2017 May,3111,83,2.7
JTS000000000000000QUL,2017,M06,2017 Jun,3154,43,1.4
JTS000000000000000QUL,2017,M07,2017 Jul,3097,-57,-1.8
JTS000000000000000QUL,2017,M08,2017 Aug,3103,6,0.2
JTS000000000000000QUL,2017,M09,2017 Sep,3190,87,2.8
JTS000000000000000QUL,2017,M10,2017 Oct,3219,29,0.9
JTS000000000000000QUL,2017,M11,2017 Nov,3186,-33,-1.0
JTS000000000000000QUL,2017,M12,2017 Dec,3222,36,1.1
JTS000000000000000QUL,2018,M01,2018 Jan,3060,-162,-5.0
JTS000000000000000QUL,2018,M02,2018 Feb,3195,135,4.4
JTS000000000000000QUL,2018,M03,2018 Mar,3309,114,3.6
JTS000000000000000QUL,2018,M04,2018 Apr,3364,55,1.7
JTS000000000000000QUL,2018,M05,2018 May,3384,20,0.6
JTS000000000000000QUL,2018,M06,2018 Jun,3381,-3,-0.1
JTS000000000000000QUL,2018,M07,2018 Jul,3437,56,1.7
JTS000000000000000QUL,2018,M08,2018 Aug,3431,-6,-0.2
JTS000000000000000QUL,2018,M09,2018 Sep,3414,-17,-0.5
JTS000000000000000QUL,2018,M10,2018 Oct,3487,73,2.1
JTS000000000000000QUL,2018,M11,2018 Nov,3502,15,0.4
JTS000000000000000QUL,2018,M12,2018 Dec,3407,-95,-2.7
JTS000000000000000QUL,2019,M01,2019 Jan,3545,138,4.1
JTS000000000000000QUL,2019,M02,2019 Feb,3558,13,0.4
JTS000000000000000QUL,2019,M03,2019 Mar,3527,-31,-0.9
JTS000000000000000QUL,2019,M04,2019 Apr,3491,-36,-1.0
JTS000000000000000QUL,2019,M05,2019 May,3468,-23,-0.7
JTS000000000000000QUL,2019,M06,2019 Jun,3486,18,0.5
JTS000000000000000QUL,2019,M07,2019 Jul,3624,138,4.0
JTS000000000000000QUL,2019,M08,2019 Aug,3557,-67,-1.8
JTS000000000000000QUL,2019,M09,2019 Sep,3452,-105,-3.0
JTS000000000000000QUL,2019,M10,2019 Oct,3453,1,0.0
JTS000000000000000QUL,2019,M11,2019 Nov,3530,77,2.2
JTS000000000000000QUL,2019,M12,2019 Dec,3516,-14,-0.4
JTS000000000000000QUL,2020,M01,2020 Jan,3578,62,1.8
JTS000000000000000QUL,2020,M02,2020 Feb,3445,-133,-3.7
JTS000000000000000QUL,2020,M03,2020 Mar,2951,-494,-14.3
JTS000000000000000QUL,2020,M04,2020 Apr,2038,-913,-30.9
JTS000000000000000QUL,2020,M05,2020 May,2244,206,10.1
JTS000000000000000QUL,2020,M06,2020 Jun,2580,336,15.0
JTS000000000000000QUL,2020,M07,2020 Jul,2973,393,15.2
JTS000000000000000QUL,2020,M08,2020 Aug,2901,-72,-2.4
JTS000000000000000QUL,2020,M09,2020 Sep,3158,257,8.9
JTS000000000000000QUL,2020,M10,2020 Oct,3297,139,4.4
JTS000000000000000QUL,2020,M11,2020 Nov,3258,-39,-1.2
JTS000000000000000QUL,2020,M12,2020 Dec,3368,110,3.4
JTS000000000000000QUL,2021,M01,2021 Jan,3311,-57,-1.7
JTS000000000000000QUL,2021,M02,2021 Feb,3439,128,3.9
JTS000000000000000QUL,2021,M03,2021 Mar,3695,256,7.4
JTS000000000000000QUL,2021,M04,2021 Apr,4015,320,8.7
JTS000000000000000QUL,2021,M05,2021 May,3838,-177,-4.4
JTS000000000000000QUL,2021,M06,2021 Jun,4035,197,5.1
JTS000000000000000QUL,2021,M07,2021 Jul,4088,53,1.3
JTS000000000000000QUL,2021,M08,2021 Aug,4126,38,0.9
JTS000000000000000QUL,2021,M09,2021 Sep,4253,127,3.1
JTS000000000000000QUL,2021,M10,2021 Oct,4132,-121,-2.8
JTS000000000000000QUL,2021,M11,2021 Nov,4510,378,9.1
JTS000000000000000QUL,2021,M12,2021 Dec,4403,-107,-2.4
JTS000000000000000QUL,2022,M01,2022 Jan,4258,-145,-3.3
JTS000000000000000QUL,2022,M02,2022 Feb,4384,126,3.0
JTS000000000000000QUL,2022,M03,2022 Mar,4449,65,1.5
JTS000000000000000QUL,2022,M04,2022 Apr,4327,-122,-2.7
JTS000000000000000QUL,2022,M05,2022 May,4274,-53,-1.2
JTS000000000000000QUL,2022,M06,2022 Jun,4253,-21,-0.5
JTS000000000000000QUL,2022,M07,2022 Jul,4179,-74,-1.7
