Series ID,Year,Period,Label,Value,1-Month Net Change,1-Month % Change
JTS000000000000000TSL,2006,M01,2006 Jan,5060,-110,-2.1
JTS000000000000000TSL,2006,M02,2006 Feb,5232,172,3.4
JTS000000000000000TSL,2006,M03,2006 Mar,5242,10,0.2
JTS000000000000000TSL,2006,M04,2006 Apr,5055,-187,-3.6
JTS000000000000000TSL,2006,M05,2006 May,5428,373,7.4
JTS000000000000000TSL,2006,M06,2006 Jun,5271,-157,-2.9
JTS000000000000000TSL,2006,M07,2006 Jul,5336,65,1.2
JTS000000000000000TSL,2006,M08,2006 Aug,5199,-137,-2.6
JTS000000000000000TSL,2006,M09,2006 Sep,5100,-99,-1.9
JTS000000000000000TSL,2006,M10,2006 Oct,5290,190,3.7
JTS000000000000000TSL,2006,M11,2006 Nov,5349,59,1.1
JTS000000000000000TSL,2006,M12,2006 Dec,5138,-211,-3.9
JTS000000000000000TSL,2007,M01,2007 Jan,5263,125,2.4
JTS000000000000000TSL,2007,M02,2007 Feb,5152,-111,-2.1
JTS000000000000000TSL,2007,M03,2007 Mar,5236,84,1.6
JTS000000000000000TSL,2007,M04,2007 Apr,5278,42,0.8
JTS000000000000000TSL,2007,M05,2007 May,5303,25,0.5
JTS000000000000000TSL,2007,M06,2007 Jun,5108,-195,-3.7
JTS000000000000000TSL,2007,M07,2007 Jul,5225,117,2.3
JTS000000000000000TSL,2007,M08,2007 Aug,5382,157,3.0
JTS000000000000000TSL,2007,M09,2007 Sep,5197,-185,-3.4
JTS000000000000000TSL,2007,M10,2007 Oct,5252,55,1.1
JTS000000000000000TSL,2007,M11,2007 Nov,5118,-134,-2.6
JTS000000000000000TSL,2007,M12,2007 Dec,5045,-73,-1.4
JTS000000000000000TSL,2008,M01,2008 Jan,5149,104,2.1
JTS000000000000000TSL,2008,M02,2008 Feb,5219,70,1.4
JTS000000000000000TSL,2008,M03,2008 Mar,4940,-279,-5.3
JTS000000000000000TSL,2008,M04,2008 Apr,5167,227,4.6
JTS000000000000000TSL,2008,M05,2008 May,4852,-315,-6.1
JTS000000000000000TSL,2008,M06,2008 Jun,5061,209,4.3
JTS000000000000000TSL,2008,M07,2008 Jul,4845,-216,-4.3
JTS000000000000000TSL,2008,M08,2008 Aug,5006,161,3.3
JTS000000000000000TSL,2008,M09,2008 Sep,4902,-104,-2.1
JTS000000000000000TSL,2008,M10,2008 Oct,4965,63,1.3
JTS000000000000000TSL,2008,M11,2008 Nov,4819,-146,-2.9
JTS000000000000000TSL,2008,M12,2008 Dec,4875,56,1.2
JTS000000000000000TSL,2009,M01,2009 Jan,4865,-10,-0.2
JTS000000000000000TSL,2009,M02,2009 Feb,4852,-13,-0.3
JTS000000000000000TSL,2009,M03,2009 Mar,4720,-132,-2.7
JTS000000000000000TSL,2009,M04,2009 Apr,4690,-30,-0.6
JTS000000000000000TSL,2009,M05,2009 May,4192,-498,-10.6
JTS000000000000000TSL,2009,M06,2009 Jun,4234,42,1.0
JTS000000000000000TSL,2009,M07,2009 Jul,4235,1,0.0
JTS000000000000000TSL,2009,M08,2009 Aug,3985,-250,-5.9
JTS000000000000000TSL,2009,M09,2009 Sep,4126,141,3.5
JTS000000000000000TSL,2009,M10,2009 Oct,3996,-130,-3.2
JTS000000000000000TSL,2009,M11,2009 Nov,4002,6,0.2
JTS000000000000000TSL,2009,M12,2009 Dec,4099,97,2.4
JTS000000000000000TSL,2010,M01,2010 Jan,3940,-159,-3.9
JTS000000000000000TSL,2010,M02,2010 Feb,4011,71,1.8
JTS000000000000000TSL,2010,M03,2010 Mar,4089,78,1.9
JTS000000000000000TSL,2010,M04,2010 Apr,3945,-144,-3.5
JTS000000000000000TSL,2010,M05,2010 May,3924,-21,-0.5
JTS000000000000000TSL,2010,M06,2010 Jun,4311,387,9.9
JTS000000000000000TSL,2010,M07,2010 Jul,4269,-42,-1.0
JTS000000000000000TSL,2010,M08,2010 Aug,4054,-215,-5.0
JTS000000000000000TSL,2010,M09,2010 Sep,4045,-9,-0.2
JTS000000000000000TSL,2010,M10,2010 Oct,3884,-161,-4.0
JTS000000000000000TSL,2010,M11,2010 Nov,4067,183,4.7
JTS000000000000000TSL,2010,M12,2010 Dec,4142,75,1.8
JTS000000000000000TSL,2011,M01,2011 Jan,4001,-141,-3.4
JTS000000000000000TSL,2011,M02,2011 Feb,4037,36,0.9
JTS000000000000000TSL,2011,M03,2011 Mar,4142,105,2.6
JTS000000000000000TSL,2011,M04,2011 Apr,3991,-151,-3.6
JTS000000000000000TSL,2011,M05,2011 May,4189,198,5.0
JTS000000000000000TSL,2011,M06,2011 Jun,4173,-16,-0.4
JTS000000000000000TSL,2011,M07,2011 Jul,4153,-20,-0.5
JTS000000000000000TSL,2011,M08,2011 Aug,4173,20,0.5
JTS000000000000000TSL,2011,M09,2011 Sep,4208,35,0.8
JTS000000000000000TSL,2011,M10,2011 Oct,4150,-58,-1.4
JTS000000000000000TSL,2011,M11,2011 Nov,4267,117,2.8
JTS000000000000000TSL,2011,M12,2011 Dec,4084,-183,-4.3
JTS000000000000000TSL,2012,M01,2012 Jan,4158,74,1.8
JTS000000000000000TSL,2012,M02,2012 Feb,4349,191,4.6
JTS000000000000000TSL,2012,M03,2012 Mar,4277,-72,-1.7
JTS000000000000000TSL,2012,M04,2012 Apr,4333,56,1.3
JTS000000000000000TSL,2012,M05,2012 May,4437,104,2.4
JTS000000000000000TSL,2012,M06,2012 Jun,4382,-55,-1.2
JTS000000000000000TSL,2012,M07,2012 Jul,4151,-231,-5.3
JTS000000000000000TSL,2012,M08,2012 Aug,4318,167,4.0
JTS000000000000000TSL,2012,M09,2012 Sep,4092,-226,-5.2
JTS000000000000000TSL,2012,M10,2012 Oct,4261,169,4.1
JTS000000000000000TSL,2012,M11,2012 Nov,4347,86,2.0
JTS000000000000000TSL,2012,M12,2012 Dec,4118,-229,-5.3
JTS000000000000000TSL,2013,M01,2013 Jan,4347,229,5.6
JTS000000000000000TSL,2013,M02,2013 Feb,4293,-54,-1.2
JTS000000000000000TSL,2013,M03,2013 Mar,4241,-52,-1.2
JTS000000000000000TSL,2013,M04,2013 Apr,4422,181,4.3
JTS000000000000000TSL,2013,M05,2013 May,4442,20,0.5
JTS000000000000000TSL,2013,M06,2013 Jun,4307,-135,-3.0
JTS000000000000000TSL,2013,M07,2013 Jul,4421,114,2.6
JTS000000000000000TSL,2013,M08,2013 Aug,4493,72,1.6
JTS000000000000000TSL,2013,M09,2013 Sep,4519,26,0.6
JTS000000000000000TSL,2013,M10,2013 Oct,4350,-169,-3.7
JTS000000000000000TSL,2013,M11,2013 Nov,4367,17,0.4
JTS000000000000000TSL,2013,M12,2013 Dec,4392,25,0.6
JTS000000000000000TSL,2014,M01,2014 Jan,4435,43,1.0
JTS000000000000000TSL,2014,M02,2014 Feb,4549,114,2.6
JTS000000000000000TSL,2014,M03,2014 Mar,4518,-31,-0.7
JTS000000000000000TSL,2014,M04,2014 Apr,4597,79,1.7
JTS000000000000000TSL,2014,M05,2014 May,4572,-25,-0.5
JTS000000000000000TSL,2014,M06,2014 Jun,4612,40,0.9
JTS000000000000000TSL,2014,M07,2014 Jul,4748,136,2.9
JTS000000000000000TSL,2014,M08,2014 Aug,4623,-125,-2.6
JTS000000000000000TSL,2014,M09,2014 Sep,4855,232,5.0
JTS000000000000000TSL,2014,M10,2014 Oct,4937,82,1.7
JTS000000000000000TSL,2014,M11,2014 Nov,4682,-255,-5.2
JTS000000000000000TSL,2014,M12,2014 Dec,4827,145,3.1
JTS000000000000000TSL,2015,M01,2015 Jan,4886,59,1.2
JTS000000000000000TSL,2015,M02,2015 Feb,4869,-17,-0.3
JTS000000000000000TSL,2015,M03,2015 Mar,5102,233,4.8
JTS000000000000000TSL,2015,M04,2015 Apr,4944,-158,-3.1
JTS000000000000000TSL,2015,M05,2015 May,4825,-119,-2.4
JTS000000000000000TSL,2015,M06,2015 Jun,4978,153,3.2
JTS000000000000000TSL,2015,M07,2015 Jul,4848,-130,-2.6
JTS000000000000000TSL,2015,M08,2015 Aug,5032,184,3.8
JTS000000000000000TSL,2015,M09,2015 Sep,5110,78,1.6
JTS000000000000000TSL,2015,M10,2015 Oct,5032,-78,-1.5
JTS000000000000000TSL,2015,M11,2015 Nov,5089,57,1.1
JTS000000000000000TSL,2015,M12,2015 Dec,5225,136,2.7
JTS000000000000000TSL,2016,M01,2016 Jan,5099,-126,-2.4
JTS000000000000000TSL,2016,M02,2016 Feb,5265,166,3.3
JTS000000000000000TSL,2016,M03,2016 Mar,5133,-132,-2.5
JTS000000000000000TSL,2016,M04,2016 Apr,5110,-23,-0.4
JTS000000000000000TSL,2016,M05,2016 May,5176,66,1.3
JTS000000000000000TSL,2016,M06,2016 Jun,5118,-58,-1.1
JTS000000000000000TSL,2016,M07,2016 Jul,5065,-53,-1.0
JTS000000000000000TSL,2016,M08,2016 Aug,5204,139,2.7
JTS000000000000000TSL,2016,M09,2016 Sep,4985,-219,-4.2
JTS000000000000000TSL,2016,M10,2016 Oct,5125,140,2.8
JTS000000000000000TSL,2016,M11,2016 Nov,5139,14,0.3
JTS000000000000000TSL,2016,M12,2016 Dec,5071,-68,-1.3
JTS000000000000000TSL,2017,M01,2017 Jan,5320,249,4.9
JTS000000000000000TSL,2017,M02,2017 Feb,5176,-144,-2.7
JTS000000000000000TSL,2017,M03,2017 Mar,5280,104,2.0
JTS000000000000000TSL,2017,M04,2017 Apr,5091,-189,-3.6
JTS000000000000000TSL,2017,M05,2017 May,5270,179,3.5
JTS000000000000000TSL,2017,M06,2017 Jun,5463,193,3.7
JTS000000000000000TSL,2017,M07,2017 Jul,5338,-125,-2.3
JTS000000000000000TSL,2017,M08,2017 Aug,5334,-4,-0.1
JTS000000000000000TSL,2017,M09,2017 Sep,5289,-45,-0.8
JTS000000000000000TSL,2017,M10,2017 Oct,5397,108,2.0
JTS000000000000000TSL,2017,M11,2017 Nov,5283,-114,-2.1
JTS000000000000000TSL,2017,M12,2017 Dec,5249,-34,-0.6
JTS000000000000000TSL,2018,M01,2018 Jan,5358,109,2.1
JTS000000000000000TSL,2018,M02,2018 Feb,5307,-51,-1.0
JTS000000000000000TSL,2018,M03,2018 Mar,5484,177,3.3
JTS000000000000000TSL,2018,M04,2018 Apr,5439,-45,-0.8
JTS000000000000000TSL,2018,M05,2018 May,5477,38,0.7
JTS000000000000000TSL,2018,M06,2018 Jun,5559,82,1.5
JTS000000000000000TSL,2018,M07,2018 Jul,5595,36,0.6
JTS000000000000000TSL,2018,M08,2018 Aug,5540,-55,-1.0
JTS000000000000000TSL,2018,M09,2018 Sep,5522,-18,-0.3
JTS000000000000000TSL,2018,M10,2018 Oct,5641,119,2.2
JTS000000000000000TSL,2018,M11,2018 Nov,5777,136,2.4
JTS000000000000000TSL,2018,M12,2018 Dec,5546,-231,-4.0
JTS000000000000000TSL,2019,M01,2019 Jan,5600,54,1.0
JTS000000000000000TSL,2019,M02,2019 Feb,5694,94,1.7
JTS000000000000000TSL,2019,M03,2019 Mar,5558,-136,-2.4
JTS000000000000000TSL,2019,M04,2019 Apr,5773,215,3.9
JTS000000000000000TSL,2019,M05,2019 May,5523,-250,-4.3
JTS000000000000000TSL,2019,M06,2019 Jun,5570,47,0.9
JTS000000000000000TSL,2019,M07,2019 Jul,5818,248,4.5
JTS000000000000000TSL,2019,M08,2019 Aug,5653,-165,-2.8
JTS000000000000000TSL,2019,M09,2019 Sep,5750,97,1.7
JTS000000000000000TSL,2019,M10,2019 Oct,5634,-116,-2.0
JTS000000000000000TSL,2019,M11,2019 Nov,5670,36,0.6
JTS000000000000000TSL,2019,M12,2019 Dec,5786,116,2.0
JTS000000000000000TSL,2020,M01,2020 Jan,5769,-17,-0.3
JTS000000000000000TSL,2020,M02,2020 Feb,5738,-31,-0.5
JTS000000000000000TSL,2020,M03,2020 Mar,16336,10598,184.7
JTS000000000000000TSL,2020,M04,2020 Apr,11590,-4746,-29.1
JTS000000000000000TSL,2020,M05,2020 May,4732,-6858,-59.2
JTS000000000000000TSL,2020,M06,2020 Jun,5182,450,9.5
JTS000000000000000TSL,2020,M07,2020 Jul,5179,-3,-0.1
JTS000000000000000TSL,2020,M08,2020 Aug,4833,-346,-6.7
JTS000000000000000TSL,2020,M09,2020 Sep,5052,219,4.5
JTS000000000000000TSL,2020,M10,2020 Oct,5331,279,5.5
JTS000000000000000TSL,2020,M11,2020 Nov,5677,346,6.5
JTS000000000000000TSL,2020,M12,2020 Dec,5634,-43,-0.8
JTS000000000000000TSL,2021,M01,2021 Jan,5172,-462,-8.2
JTS000000000000000TSL,2021,M02,2021 Feb,5400,228,4.4
JTS000000000000000TSL,2021,M03,2021 Mar,5540,140,2.6
JTS000000000000000TSL,2021,M04,2021 Apr,5753,213,3.8
JTS000000000000000TSL,2021,M05,2021 May,5513,-240,-4.2
JTS000000000000000TSL,2021,M06,2021 Jun,5793,280,5.1
JTS000000000000000TSL,2021,M07,2021 Jul,5874,81,1.4
JTS000000000000000TSL,2021,M08,2021 Aug,5913,39,0.7
JTS000000000000000TSL,2021,M09,2021 Sep,6008,95,1.6
JTS000000000000000TSL,2021,M10,2021 Oct,5852,-156,-2.6
JTS000000000000000TSL,2021,M11,2021 Nov,6197,345,5.9
JTS000000000000000TSL,2021,M12,2021 Dec,6042,-155,-2.5
JTS000000000000000TSL,2022,M01,2022 Jan,6044,2,0.0
JTS000000000000000TSL,2022,M02,2022 Feb,6082,38,0.6
JTS000000000000000TSL,2022,M03,2022 Mar,6248,166,2.7
JTS000000000000000TSL,2022,M04,2022 Apr,5965,-283,-4.5
JTS000000000000000TSL,2022,M05,2022 May,6017,52,0.9
JTS000000000000000TSL,2022,M06,2022 Jun,5931,-86,-1.4
