Series ID,Year,Period,Label,Value,1-Month Net Change,1-Month % Change
CES6056132056,2006,M03,2006 Mar,88978, N/A, N/A
CES6056132056,2006,M04,2006 Apr,89097,119,0.1
CES6056132056,2006,M05,2006 May,90246,1149,1.3
CES6056132056,2006,M06,2006 Jun,91115,869,1.0
CES6056132056,2006,M07,2006 Jul,89581,-1534,-1.7
CES6056132056,2006,M08,2006 Aug,89087,-494,-0.6
CES6056132056,2006,M09,2006 Sep,88795,-292,-0.3
CES6056132056,2006,M10,2006 Oct,88641,-154,-0.2
CES6056132056,2006,M11,2006 Nov,88523,-118,-0.1
CES6056132056,2006,M12,2006 Dec,90203,1680,1.9
CES6056132056,2007,M01,2007 Jan,88335,-1868,-2.1
CES6056132056,2007,M02,2007 Feb,89066,731,0.8
CES6056132056,2007,M03,2007 Mar,89723,657,0.7
CES6056132056,2007,M04,2007 Apr,89143,-580,-0.6
CES6056132056,2007,M05,2007 May,88526,-617,-0.7
CES6056132056,2007,M06,2007 Jun,88546,20,0.0
CES6056132056,2007,M07,2007 Jul,88165,-381,-0.4
CES6056132056,2007,M08,2007 Aug,87430,-735,-0.8
CES6056132056,2007,M09,2007 Sep,86171,-1259,-1.4
CES6056132056,2007,M10,2007 Oct,87055,884,1.0
CES6056132056,2007,M11,2007 Nov,86308,-747,-0.9
CES6056132056,2007,M12,2007 Dec,85662,-646,-0.7
CES6056132056,2008,M01,2008 Jan,85640,-22,0.0
CES6056132056,2008,M02,2008 Feb,83697,-1943,-2.3
CES6056132056,2008,M03,2008 Mar,83771,74,0.1
CES6056132056,2008,M04,2008 Apr,82764,-1007,-1.2
CES6056132056,2008,M05,2008 May,81338,-1426,-1.7
CES6056132056,2008,M06,2008 Jun,80744,-594,-0.7
CES6056132056,2008,M07,2008 Jul,79141,-1603,-2.0
CES6056132056,2008,M08,2008 Aug,79051,-90,-0.1
CES6056132056,2008,M09,2008 Sep,77709,-1342,-1.7
CES6056132056,2008,M10,2008 Oct,74968,-2741,-3.5
CES6056132056,2008,M11,2008 Nov,70194,-4774,-6.4
CES6056132056,2008,M12,2008 Dec,68282,-1912,-2.7
CES6056132056,2009,M01,2009 Jan,65698,-2584,-3.8
CES6056132056,2009,M02,2009 Feb,63593,-2105,-3.2
CES6056132056,2009,M03,2009 Mar,60581,-3012,-4.7
CES6056132056,2009,M04,2009 Apr,59033,-1548,-2.6
CES6056132056,2009,M05,2009 May,59064,31,0.1
CES6056132056,2009,M06,2009 Jun,58402,-662,-1.1
CES6056132056,2009,M07,2009 Jul,58685,283,0.5
CES6056132056,2009,M08,2009 Aug,58741,56,0.1
CES6056132056,2009,M09,2009 Sep,59217,476,0.8
CES6056132056,2009,M10,2009 Oct,60494,1277,2.2
CES6056132056,2009,M11,2009 Nov,63332,2838,4.7
CES6056132056,2009,M12,2009 Dec,64406,1074,1.7
CES6056132056,2010,M01,2010 Jan,66456,2050,3.2
CES6056132056,2010,M02,2010 Feb,65648,-808,-1.2
CES6056132056,2010,M03,2010 Mar,68161,2513,3.8
CES6056132056,2010,M04,2010 Apr,69142,981,1.4
CES6056132056,2010,M05,2010 May,70661,1519,2.2
CES6056132056,2010,M06,2010 Jun,71608,947,1.3
CES6056132056,2010,M07,2010 Jul,72151,543,0.8
CES6056132056,2010,M08,2010 Aug,72647,496,0.7
CES6056132056,2010,M09,2010 Sep,74930,2283,3.1
CES6056132056,2010,M10,2010 Oct,75663,733,1.0
CES6056132056,2010,M11,2010 Nov,76555,892,1.2
CES6056132056,2010,M12,2010 Dec,79072,2517,3.3
CES6056132056,2011,M01,2011 Jan,76547,-2525,-3.2
CES6056132056,2011,M02,2011 Feb,78177,1630,2.1
CES6056132056,2011,M03,2011 Mar,79713,1536,2.0
CES6056132056,2011,M04,2011 Apr,79998,285,0.4
CES6056132056,2011,M05,2011 May,79835,-163,-0.2
CES6056132056,2011,M06,2011 Jun,79421,-414,-0.5
CES6056132056,2011,M07,2011 Jul,79569,148,0.2
CES6056132056,2011,M08,2011 Aug,81008,1439,1.8
CES6056132056,2011,M09,2011 Sep,81837,829,1.0
CES6056132056,2011,M10,2011 Oct,82236,399,0.5
CES6056132056,2011,M11,2011 Nov,82451,215,0.3
CES6056132056,2011,M12,2011 Dec,83429,978,1.2
CES6056132056,2012,M01,2012 Jan,85012,1583,1.9
CES6056132056,2012,M02,2012 Feb,86729,1717,2.0
CES6056132056,2012,M03,2012 Mar,86077,-652,-0.8
CES6056132056,2012,M04,2012 Apr,86538,461,0.5
CES6056132056,2012,M05,2012 May,87132,594,0.7
CES6056132056,2012,M06,2012 Jun,87957,825,0.9
CES6056132056,2012,M07,2012 Jul,88074,117,0.1
CES6056132056,2012,M08,2012 Aug,88952,878,1.0
CES6056132056,2012,M09,2012 Sep,87381,-1571,-1.8
CES6056132056,2012,M10,2012 Oct,87316,-65,-0.1
CES6056132056,2012,M11,2012 Nov,88246,930,1.1
CES6056132056,2012,M12,2012 Dec,89133,887,1.0
CES6056132056,2013,M01,2013 Jan,89306,173,0.2
CES6056132056,2013,M02,2013 Feb,90657,1351,1.5
CES6056132056,2013,M03,2013 Mar,90832,175,0.2
CES6056132056,2013,M04,2013 Apr,91032,200,0.2
CES6056132056,2013,M05,2013 May,90835,-197,-0.2
CES6056132056,2013,M06,2013 Jun,91011,176,0.2
CES6056132056,2013,M07,2013 Jul,91329,318,0.3
CES6056132056,2013,M08,2013 Aug,90873,-456,-0.5
CES6056132056,2013,M09,2013 Sep,91323,450,0.5
CES6056132056,2013,M10,2013 Oct,91893,570,0.6
CES6056132056,2013,M11,2013 Nov,92568,675,0.7
CES6056132056,2013,M12,2013 Dec,92908,340,0.4
CES6056132056,2014,M01,2014 Jan,91773,-1135,-1.2
CES6056132056,2014,M02,2014 Feb,91892,119,0.1
CES6056132056,2014,M03,2014 Mar,95029,3137,3.4
CES6056132056,2014,M04,2014 Apr,95987,958,1.0
CES6056132056,2014,M05,2014 May,96353,366,0.4
CES6056132056,2014,M06,2014 Jun,96842,489,0.5
CES6056132056,2014,M07,2014 Jul,97171,329,0.3
CES6056132056,2014,M08,2014 Aug,97556,385,0.4
CES6056132056,2014,M09,2014 Sep,98842,1286,1.3
CES6056132056,2014,M10,2014 Oct,98870,28,0.0
CES6056132056,2014,M11,2014 Nov,98824,-46,0.0
CES6056132056,2014,M12,2014 Dec,99449,625,0.6
CES6056132056,2015,M01,2015 Jan,99057,-392,-0.4
CES6056132056,2015,M02,2015 Feb,100220,1163,1.2
CES6056132056,2015,M03,2015 Mar,98635,-1585,-1.6
CES6056132056,2015,M04,2015 Apr,97765,-870,-0.9
CES6056132056,2015,M05,2015 May,98814,1049,1.1
CES6056132056,2015,M06,2015 Jun,99536,722,0.7
CES6056132056,2015,M07,2015 Jul,99234,-302,-0.3
CES6056132056,2015,M08,2015 Aug,100189,955,1.0
CES6056132056,2015,M09,2015 Sep,98303,-1886,-1.9
CES6056132056,2015,M10,2015 Oct,99588,1285,1.3
CES6056132056,2015,M11,2015 Nov,99557,-31,0.0
CES6056132056,2015,M12,2015 Dec,101154,1597,1.6
CES6056132056,2016,M01,2016 Jan,99368,-1786,-1.8
CES6056132056,2016,M02,2016 Feb,98396,-972,-1.0
CES6056132056,2016,M03,2016 Mar,98976,580,0.6
CES6056132056,2016,M04,2016 Apr,97879,-1097,-1.1
CES6056132056,2016,M05,2016 May,97591,-288,-0.3
CES6056132056,2016,M06,2016 Jun,97561,-30,0.0
CES6056132056,2016,M07,2016 Jul,97412,-149,-0.2
CES6056132056,2016,M08,2016 Aug,97300,-112,-0.1
CES6056132056,2016,M09,2016 Sep,98644,1344,1.4
CES6056132056,2016,M10,2016 Oct,97837,-807,-0.8
CES6056132056,2016,M11,2016 Nov,98135,298,0.3
CES6056132056,2016,M12,2016 Dec,98250,115,0.1
CES6056132056,2017,M01,2017 Jan,98317,67,0.1
CES6056132056,2017,M02,2017 Feb,97855,-462,-0.5
CES6056132056,2017,M03,2017 Mar,97515,-340,-0.3
CES6056132056,2017,M04,2017 Apr,98284,769,0.8
CES6056132056,2017,M05,2017 May,99746,1462,1.5
CES6056132056,2017,M06,2017 Jun,99886,140,0.1
CES6056132056,2017,M07,2017 Jul,100175,289,0.3
CES6056132056,2017,M08,2017 Aug,100769,594,0.6
CES6056132056,2017,M09,2017 Sep,99592,-1177,-1.2
CES6056132056,2017,M10,2017 Oct,100412,820,0.8
CES6056132056,2017,M11,2017 Nov,100517,105,0.1
CES6056132056,2017,M12,2017 Dec,100035,-482,-0.5
CES6056132056,2018,M01,2018 Jan,98538,-1497,-1.5
CES6056132056,2018,M02,2018 Feb,102605,4067,4.1
CES6056132056,2018,M03,2018 Mar,100944,-1661,-1.6
CES6056132056,2018,M04,2018 Apr,102126,1182,1.2
CES6056132056,2018,M05,2018 May,101520,-606,-0.6
CES6056132056,2018,M06,2018 Jun,101680,160,0.2
CES6056132056,2018,M07,2018 Jul,102173,493,0.5
CES6056132056,2018,M08,2018 Aug,101425,-748,-0.7
CES6056132056,2018,M09,2018 Sep,101439,14,0.0
CES6056132056,2018,M10,2018 Oct,102174,735,0.7
CES6056132056,2018,M11,2018 Nov,102007,-167,-0.2
CES6056132056,2018,M12,2018 Dec,102058,51,0.0
CES6056132056,2019,M01,2019 Jan,100745,-1313,-1.3
CES6056132056,2019,M02,2019 Feb,100595,-150,-0.1
CES6056132056,2019,M03,2019 Mar,100890,295,0.3
CES6056132056,2019,M04,2019 Apr,100784,-106,-0.1
CES6056132056,2019,M05,2019 May,101075,291,0.3
CES6056132056,2019,M06,2019 Jun,101147,72,0.1
CES6056132056,2019,M07,2019 Jul,100055,-1092,-1.1
CES6056132056,2019,M08,2019 Aug,100890,835,0.8
CES6056132056,2019,M09,2019 Sep,100800,-90,-0.1
CES6056132056,2019,M10,2019 Oct,100113,-687,-0.7
CES6056132056,2019,M11,2019 Nov,99813,-300,-0.3
CES6056132056,2019,M12,2019 Dec,101153,1340,1.3
CES6056132056,2020,M01,2020 Jan,100039,-1114,-1.1
CES6056132056,2020,M02,2020 Feb,100541,502,0.5
CES6056132056,2020,M03,2020 Mar,97962,-2579,-2.6
CES6056132056,2020,M04,2020 Apr,66504,-31458,-32.1
CES6056132056,2020,M05,2020 May,72279,5775,8.7
CES6056132056,2020,M06,2020 Jun,78192,5913,8.2
CES6056132056,2020,M07,2020 Jul,82875,4683,6.0
CES6056132056,2020,M08,2020 Aug,86925,4050,4.9
CES6056132056,2020,M09,2020 Sep,88164,1239,1.4
CES6056132056,2020,M10,2020 Oct,93133,4969,5.6
CES6056132056,2020,M11,2020 Nov,95878,2745,2.9
CES6056132056,2020,M12,2020 Dec,98495,2617,2.7
CES6056132056,2021,M01,2021 Jan,101647,3152,3.2
CES6056132056,2021,M02,2021 Feb,101031,-616,-0.6
CES6056132056,2021,M03,2021 Mar,102398,1367,1.4
CES6056132056,2021,M04,2021 Apr,97490,-4908,-4.8
CES6056132056,2021,M05,2021 May,98673,1183,1.2
CES6056132056,2021,M06,2021 Jun,99505,832,0.8
CES6056132056,2021,M07,2021 Jul,99748,243,0.2
CES6056132056,2021,M08,2021 Aug,100233,485,0.5
CES6056132056,2021,M09,2021 Sep,101669,1436,1.4
CES6056132056,2021,M10,2021 Oct,106181,4512,4.4
CES6056132056,2021,M11,2021 Nov,106578,397,0.4
CES6056132056,2021,M12,2021 Dec,107706,1128,1.1
CES6056132056,2022,M01,2022 Jan,108986,1280,1.2
CES6056132056,2022,M02,2022 Feb,111855,2869,2.6
CES6056132056,2022,M03,2022 Mar,110891,-964,-0.9
CES6056132056,2022,M04,2022 Apr,109891,-1000,-0.9
CES6056132056,2022,M05,2022 May,109126,-765,-0.7
CES6056132056,2022,M06,2022 Jun,111474,2348,2.2
