Series ID,Year,Period,Label,Value,1-Month Net Change,1-Month % Change
CES6056132003,2006,M03,2006 Mar,13.29, N/A, N/A
CES6056132003,2006,M04,2006 Apr,13.33,0.04,0.3
CES6056132003,2006,M05,2006 May,13.40,0.07,0.5
CES6056132003,2006,M06,2006 Jun,13.46,0.06,0.4
CES6056132003,2006,M07,2006 Jul,13.64,0.18,1.3
CES6056132003,2006,M08,2006 Aug,13.77,0.13,1.0
CES6056132003,2006,M09,2006 Sep,13.84,0.07,0.5
CES6056132003,2006,M10,2006 Oct,13.89,0.05,0.4
CES6056132003,2006,M11,2006 Nov,13.83,-0.06,-0.4
CES6056132003,2006,M12,2006 Dec,13.91,0.08,0.6
CES6056132003,2007,M01,2007 Jan,14.24,0.33,2.4
CES6056132003,2007,M02,2007 Feb,14.52,0.28,2.0
CES6056132003,2007,M03,2007 Mar,14.42,-0.10,-0.7
CES6056132003,2007,M04,2007 Apr,14.40,-0.02,-0.1
CES6056132003,2007,M05,2007 May,14.65,0.25,1.7
CES6056132003,2007,M06,2007 Jun,14.86,0.21,1.4
CES6056132003,2007,M07,2007 Jul,14.95,0.09,0.6
CES6056132003,2007,M08,2007 Aug,14.97,0.02,0.1
CES6056132003,2007,M09,2007 Sep,14.89,-0.08,-0.5
CES6056132003,2007,M10,2007 Oct,14.87,-0.02,-0.1
CES6056132003,2007,M11,2007 Nov,14.81,-0.06,-0.4
CES6056132003,2007,M12,2007 Dec,14.77,-0.04,-0.3
CES6056132003,2008,M01,2008 Jan,14.74,-0.03,-0.2
CES6056132003,2008,M02,2008 Feb,14.77,0.03,0.2
CES6056132003,2008,M03,2008 Mar,14.83,0.06,0.4
CES6056132003,2008,M04,2008 Apr,14.89,0.06,0.4
CES6056132003,2008,M05,2008 May,14.98,0.09,0.6
CES6056132003,2008,M06,2008 Jun,14.99,0.01,0.1
CES6056132003,2008,M07,2008 Jul,15.00,0.01,0.1
CES6056132003,2008,M08,2008 Aug,15.17,0.17,1.1
CES6056132003,2008,M09,2008 Sep,14.92,-0.25,-1.6
CES6056132003,2008,M10,2008 Oct,15.51,0.59,4.0
CES6056132003,2008,M11,2008 Nov,15.61,0.10,0.6
CES6056132003,2008,M12,2008 Dec,15.78,0.17,1.1
CES6056132003,2009,M01,2009 Jan,15.42,-0.36,-2.3
CES6056132003,2009,M02,2009 Feb,15.89,0.47,3.0
CES6056132003,2009,M03,2009 Mar,15.86,-0.03,-0.2
CES6056132003,2009,M04,2009 Apr,15.83,-0.03,-0.2
CES6056132003,2009,M05,2009 May,15.69,-0.14,-0.9
CES6056132003,2009,M06,2009 Jun,15.52,-0.17,-1.1
CES6056132003,2009,M07,2009 Jul,15.41,-0.11,-0.7
CES6056132003,2009,M08,2009 Aug,15.43,0.02,0.1
CES6056132003,2009,M09,2009 Sep,15.49,0.06,0.4
CES6056132003,2009,M10,2009 Oct,15.43,-0.06,-0.4
CES6056132003,2009,M11,2009 Nov,15.51,0.08,0.5
CES6056132003,2009,M12,2009 Dec,15.61,0.10,0.6
CES6056132003,2010,M01,2010 Jan,15.39,-0.22,-1.4
CES6056132003,2010,M02,2010 Feb,15.32,-0.07,-0.5
CES6056132003,2010,M03,2010 Mar,15.26,-0.06,-0.4
CES6056132003,2010,M04,2010 Apr,15.04,-0.22,-1.4
CES6056132003,2010,M05,2010 May,15.08,0.04,0.3
CES6056132003,2010,M06,2010 Jun,15.14,0.06,0.4
CES6056132003,2010,M07,2010 Jul,15.11,-0.03,-0.2
CES6056132003,2010,M08,2010 Aug,15.13,0.02,0.1
CES6056132003,2010,M09,2010 Sep,15.08,-0.05,-0.3
CES6056132003,2010,M10,2010 Oct,15.14,0.06,0.4
CES6056132003,2010,M11,2010 Nov,15.10,-0.04,-0.3
CES6056132003,2010,M12,2010 Dec,15.15,0.05,0.3
CES6056132003,2011,M01,2011 Jan,15.46,0.31,2.0
CES6056132003,2011,M02,2011 Feb,15.48,0.02,0.1
CES6056132003,2011,M03,2011 Mar,15.40,-0.08,-0.5
CES6056132003,2011,M04,2011 Apr,15.75,0.35,2.3
CES6056132003,2011,M05,2011 May,15.99,0.24,1.5
CES6056132003,2011,M06,2011 Jun,16.03,0.04,0.3
CES6056132003,2011,M07,2011 Jul,16.05,0.02,0.1
CES6056132003,2011,M08,2011 Aug,15.98,-0.07,-0.4
CES6056132003,2011,M09,2011 Sep,15.88,-0.10,-0.6
CES6056132003,2011,M10,2011 Oct,15.92,0.04,0.3
CES6056132003,2011,M11,2011 Nov,16.06,0.14,0.9
CES6056132003,2011,M12,2011 Dec,15.93,-0.13,-0.8
CES6056132003,2012,M01,2012 Jan,15.66,-0.27,-1.7
CES6056132003,2012,M02,2012 Feb,15.66,0.00,0.0
CES6056132003,2012,M03,2012 Mar,15.79,0.13,0.8
CES6056132003,2012,M04,2012 Apr,15.52,-0.27,-1.7
CES6056132003,2012,M05,2012 May,15.73,0.21,1.4
CES6056132003,2012,M06,2012 Jun,15.68,-0.05,-0.3
CES6056132003,2012,M07,2012 Jul,15.72,0.04,0.3
CES6056132003,2012,M08,2012 Aug,15.69,-0.03,-0.2
CES6056132003,2012,M09,2012 Sep,15.64,-0.05,-0.3
CES6056132003,2012,M10,2012 Oct,15.66,0.02,0.1
CES6056132003,2012,M11,2012 Nov,15.63,-0.03,-0.2
CES6056132003,2012,M12,2012 Dec,15.64,0.01,0.1
CES6056132003,2013,M01,2013 Jan,15.70,0.06,0.4
CES6056132003,2013,M02,2013 Feb,15.69,-0.01,-0.1
CES6056132003,2013,M03,2013 Mar,15.72,0.03,0.2
CES6056132003,2013,M04,2013 Apr,15.78,0.06,0.4
CES6056132003,2013,M05,2013 May,15.81,0.03,0.2
CES6056132003,2013,M06,2013 Jun,15.92,0.11,0.7
CES6056132003,2013,M07,2013 Jul,15.93,0.01,0.1
CES6056132003,2013,M08,2013 Aug,15.92,-0.01,-0.1
CES6056132003,2013,M09,2013 Sep,15.99,0.07,0.4
CES6056132003,2013,M10,2013 Oct,15.94,-0.05,-0.3
CES6056132003,2013,M11,2013 Nov,15.98,0.04,0.3
CES6056132003,2013,M12,2013 Dec,15.92,-0.06,-0.4
CES6056132003,2014,M01,2014 Jan,16.27,0.35,2.2
CES6056132003,2014,M02,2014 Feb,16.23,-0.04,-0.2
CES6056132003,2014,M03,2014 Mar,16.15,-0.08,-0.5
CES6056132003,2014,M04,2014 Apr,16.23,0.08,0.5
CES6056132003,2014,M05,2014 May,16.28,0.05,0.3
CES6056132003,2014,M06,2014 Jun,16.34,0.06,0.4
CES6056132003,2014,M07,2014 Jul,16.28,-0.06,-0.4
CES6056132003,2014,M08,2014 Aug,16.41,0.13,0.8
CES6056132003,2014,M09,2014 Sep,16.37,-0.04,-0.2
CES6056132003,2014,M10,2014 Oct,16.44,0.07,0.4
CES6056132003,2014,M11,2014 Nov,16.45,0.01,0.1
CES6056132003,2014,M12,2014 Dec,16.43,-0.02,-0.1
CES6056132003,2015,M01,2015 Jan,16.39,-0.04,-0.2
CES6056132003,2015,M02,2015 Feb,16.38,-0.01,-0.1
CES6056132003,2015,M03,2015 Mar,16.49,0.11,0.7
CES6056132003,2015,M04,2015 Apr,16.47,-0.02,-0.1
CES6056132003,2015,M05,2015 May,16.58,0.11,0.7
CES6056132003,2015,M06,2015 Jun,16.70,0.12,0.7
CES6056132003,2015,M07,2015 Jul,16.80,0.10,0.6
CES6056132003,2015,M08,2015 Aug,16.79,-0.01,-0.1
CES6056132003,2015,M09,2015 Sep,16.88,0.09,0.5
CES6056132003,2015,M10,2015 Oct,16.98,0.10,0.6
CES6056132003,2015,M11,2015 Nov,16.94,-0.04,-0.2
CES6056132003,2015,M12,2015 Dec,16.83,-0.11,-0.6
CES6056132003,2016,M01,2016 Jan,16.85,0.02,0.1
CES6056132003,2016,M02,2016 Feb,16.93,0.08,0.5
CES6056132003,2016,M03,2016 Mar,16.84,-0.09,-0.5
CES6056132003,2016,M04,2016 Apr,16.81,-0.03,-0.2
CES6056132003,2016,M05,2016 May,16.83,0.02,0.1
CES6056132003,2016,M06,2016 Jun,16.95,0.12,0.7
CES6056132003,2016,M07,2016 Jul,16.86,-0.09,-0.5
CES6056132003,2016,M08,2016 Aug,16.84,-0.02,-0.1
CES6056132003,2016,M09,2016 Sep,16.83,-0.01,-0.1
CES6056132003,2016,M10,2016 Oct,16.92,0.09,0.5
CES6056132003,2016,M11,2016 Nov,17.01,0.09,0.5
CES6056132003,2016,M12,2016 Dec,17.08,0.07,0.4
CES6056132003,2017,M01,2017 Jan,17.19,0.11,0.6
CES6056132003,2017,M02,2017 Feb,17.27,0.08,0.5
CES6056132003,2017,M03,2017 Mar,17.36,0.09,0.5
CES6056132003,2017,M04,2017 Apr,17.45,0.09,0.5
CES6056132003,2017,M05,2017 May,17.47,0.02,0.1
CES6056132003,2017,M06,2017 Jun,17.36,-0.11,-0.6
CES6056132003,2017,M07,2017 Jul,17.50,0.14,0.8
CES6056132003,2017,M08,2017 Aug,17.51,0.01,0.1
CES6056132003,2017,M09,2017 Sep,17.65,0.14,0.8
CES6056132003,2017,M10,2017 Oct,17.69,0.04,0.2
CES6056132003,2017,M11,2017 Nov,17.72,0.03,0.2
CES6056132003,2017,M12,2017 Dec,17.75,0.03,0.2
CES6056132003,2018,M01,2018 Jan,17.81,0.06,0.3
CES6056132003,2018,M02,2018 Feb,17.81,0.00,0.0
CES6056132003,2018,M03,2018 Mar,17.90,0.09,0.5
CES6056132003,2018,M04,2018 Apr,17.92,0.02,0.1
CES6056132003,2018,M05,2018 May,17.90,-0.02,-0.1
CES6056132003,2018,M06,2018 Jun,18.03,0.13,0.7
CES6056132003,2018,M07,2018 Jul,18.15,0.12,0.7
CES6056132003,2018,M08,2018 Aug,18.30,0.15,0.8
CES6056132003,2018,M09,2018 Sep,18.32,0.02,0.1
CES6056132003,2018,M10,2018 Oct,18.46,0.14,0.8
CES6056132003,2018,M11,2018 Nov,18.55,0.09,0.5
CES6056132003,2018,M12,2018 Dec,18.78,0.23,1.2
CES6056132003,2019,M01,2019 Jan,18.76,-0.02,-0.1
CES6056132003,2019,M02,2019 Feb,18.90,0.14,0.7
CES6056132003,2019,M03,2019 Mar,18.96,0.06,0.3
CES6056132003,2019,M04,2019 Apr,19.19,0.23,1.2
CES6056132003,2019,M05,2019 May,19.36,0.17,0.9
CES6056132003,2019,M06,2019 Jun,19.52,0.16,0.8
CES6056132003,2019,M07,2019 Jul,19.66,0.14,0.7
CES6056132003,2019,M08,2019 Aug,19.82,0.16,0.8
CES6056132003,2019,M09,2019 Sep,19.84,0.02,0.1
CES6056132003,2019,M10,2019 Oct,19.85,0.01,0.1
CES6056132003,2019,M11,2019 Nov,20.02,0.17,0.9
CES6056132003,2019,M12,2019 Dec,19.92,-0.10,-0.5
CES6056132003,2020,M01,2020 Jan,19.92,0.00,0.0
CES6056132003,2020,M02,2020 Feb,19.91,-0.01,-0.1
CES6056132003,2020,M03,2020 Mar,19.88,-0.03,-0.2
CES6056132003,2020,M04,2020 Apr,21.59,1.71,8.6
CES6056132003,2020,M05,2020 May,21.20,-0.39,-1.8
CES6056132003,2020,M06,2020 Jun,20.64,-0.56,-2.6
CES6056132003,2020,M07,2020 Jul,20.26,-0.38,-1.8
CES6056132003,2020,M08,2020 Aug,20.19,-0.07,-0.3
CES6056132003,2020,M09,2020 Sep,20.18,-0.01,0.0
CES6056132003,2020,M10,2020 Oct,20.19,0.01,0.0
CES6056132003,2020,M11,2020 Nov,20.22,0.03,0.1
CES6056132003,2020,M12,2020 Dec,20.49,0.27,1.3
CES6056132003,2021,M01,2021 Jan,20.47,-0.02,-0.1
CES6056132003,2021,M02,2021 Feb,20.66,0.19,0.9
CES6056132003,2021,M03,2021 Mar,20.93,0.27,1.3
CES6056132003,2021,M04,2021 Apr,21.17,0.24,1.1
CES6056132003,2021,M05,2021 May,21.35,0.18,0.9
CES6056132003,2021,M06,2021 Jun,21.67,0.32,1.5
CES6056132003,2021,M07,2021 Jul,21.97,0.30,1.4
CES6056132003,2021,M08,2021 Aug,22.26,0.29,1.3
CES6056132003,2021,M09,2021 Sep,22.64,0.38,1.7
CES6056132003,2021,M10,2021 Oct,22.96,0.32,1.4
CES6056132003,2021,M11,2021 Nov,23.46,0.50,2.2
CES6056132003,2021,M12,2021 Dec,23.70,0.24,1.0
CES6056132003,2022,M01,2022 Jan,23.96,0.26,1.1
CES6056132003,2022,M02,2022 Feb,23.91,-0.05,-0.2
CES6056132003,2022,M03,2022 Mar,24.04,0.13,0.5
CES6056132003,2022,M04,2022 Apr,23.85,-0.19,-0.8
CES6056132003,2022,M05,2022 May,24.03,0.18,0.8
CES6056132003,2022,M06,2022 Jun,24.04,0.01,0.0
