Series ID,Year,Period,Label,Value,1-Month Net Change,1-Month % Change
CES6056132057,2006,M03,2006 Mar,1182518, N/A, N/A
CES6056132057,2006,M04,2006 Apr,1187663,5145,0.4
CES6056132057,2006,M05,2006 May,1209296,21633,1.8
CES6056132057,2006,M06,2006 Jun,1226408,17112,1.4
CES6056132057,2006,M07,2006 Jul,1221885,-4523,-0.4
CES6056132057,2006,M08,2006 Aug,1226728,4843,0.4
CES6056132057,2006,M09,2006 Sep,1228923,2195,0.2
CES6056132057,2006,M10,2006 Oct,1231223,2300,0.2
CES6056132057,2006,M11,2006 Nov,1224273,-6950,-0.6
CES6056132057,2006,M12,2006 Dec,1254724,30451,2.5
CES6056132057,2007,M01,2007 Jan,1257890,3166,0.3
CES6056132057,2007,M02,2007 Feb,1293238,35348,2.8
CES6056132057,2007,M03,2007 Mar,1293806,568,0.0
CES6056132057,2007,M04,2007 Apr,1283659,-10147,-0.8
CES6056132057,2007,M05,2007 May,1296906,13247,1.0
CES6056132057,2007,M06,2007 Jun,1315794,18888,1.5
CES6056132057,2007,M07,2007 Jul,1318067,2273,0.2
CES6056132057,2007,M08,2007 Aug,1308827,-9240,-0.7
CES6056132057,2007,M09,2007 Sep,1283086,-25741,-2.0
CES6056132057,2007,M10,2007 Oct,1294508,11422,0.9
CES6056132057,2007,M11,2007 Nov,1278221,-16287,-1.3
CES6056132057,2007,M12,2007 Dec,1265228,-12993,-1.0
CES6056132057,2008,M01,2008 Jan,1262334,-2894,-0.2
CES6056132057,2008,M02,2008 Feb,1236205,-26129,-2.1
CES6056132057,2008,M03,2008 Mar,1242324,6119,0.5
CES6056132057,2008,M04,2008 Apr,1232356,-9968,-0.8
CES6056132057,2008,M05,2008 May,1218443,-13913,-1.1
CES6056132057,2008,M06,2008 Jun,1210353,-8090,-0.7
CES6056132057,2008,M07,2008 Jul,1187115,-23238,-1.9
CES6056132057,2008,M08,2008 Aug,1199204,12089,1.0
CES6056132057,2008,M09,2008 Sep,1159418,-39786,-3.3
CES6056132057,2008,M10,2008 Oct,1162754,3336,0.3
CES6056132057,2008,M11,2008 Nov,1095728,-67026,-5.8
CES6056132057,2008,M12,2008 Dec,1077490,-18238,-1.7
CES6056132057,2009,M01,2009 Jan,1013063,-64427,-6.0
CES6056132057,2009,M02,2009 Feb,1010493,-2570,-0.3
CES6056132057,2009,M03,2009 Mar,960815,-49678,-4.9
CES6056132057,2009,M04,2009 Apr,934492,-26323,-2.7
CES6056132057,2009,M05,2009 May,926714,-7778,-0.8
CES6056132057,2009,M06,2009 Jun,906399,-20315,-2.2
CES6056132057,2009,M07,2009 Jul,904336,-2063,-0.2
CES6056132057,2009,M08,2009 Aug,906374,2038,0.2
CES6056132057,2009,M09,2009 Sep,917271,10897,1.2
CES6056132057,2009,M10,2009 Oct,933422,16151,1.8
CES6056132057,2009,M11,2009 Nov,982279,48857,5.2
CES6056132057,2009,M12,2009 Dec,1005378,23099,2.4
CES6056132057,2010,M01,2010 Jan,1022758,17380,1.7
CES6056132057,2010,M02,2010 Feb,1005727,-17031,-1.7
CES6056132057,2010,M03,2010 Mar,1040137,34410,3.4
CES6056132057,2010,M04,2010 Apr,1039896,-241,0.0
CES6056132057,2010,M05,2010 May,1065568,25672,2.5
CES6056132057,2010,M06,2010 Jun,1084145,18577,1.7
CES6056132057,2010,M07,2010 Jul,1090202,6057,0.6
CES6056132057,2010,M08,2010 Aug,1099149,8947,0.8
CES6056132057,2010,M09,2010 Sep,1129944,30795,2.8
CES6056132057,2010,M10,2010 Oct,1145538,15594,1.4
CES6056132057,2010,M11,2010 Nov,1155981,10443,0.9
CES6056132057,2010,M12,2010 Dec,1197941,41960,3.6
CES6056132057,2011,M01,2011 Jan,1183417,-14524,-1.2
CES6056132057,2011,M02,2011 Feb,1210180,26763,2.3
CES6056132057,2011,M03,2011 Mar,1227580,17400,1.4
CES6056132057,2011,M04,2011 Apr,1259969,32389,2.6
CES6056132057,2011,M05,2011 May,1276562,16593,1.3
CES6056132057,2011,M06,2011 Jun,1273119,-3443,-0.3
CES6056132057,2011,M07,2011 Jul,1277082,3963,0.3
CES6056132057,2011,M08,2011 Aug,1294508,17426,1.4
CES6056132057,2011,M09,2011 Sep,1299572,5064,0.4
CES6056132057,2011,M10,2011 Oct,1309197,9625,0.7
CES6056132057,2011,M11,2011 Nov,1324163,14966,1.1
CES6056132057,2011,M12,2011 Dec,1329024,4861,0.4
CES6056132057,2012,M01,2012 Jan,1331288,2264,0.2
CES6056132057,2012,M02,2012 Feb,1358176,26888,2.0
CES6056132057,2012,M03,2012 Mar,1359156,980,0.1
CES6056132057,2012,M04,2012 Apr,1343070,-16086,-1.2
CES6056132057,2012,M05,2012 May,1370586,27516,2.0
CES6056132057,2012,M06,2012 Jun,1379166,8580,0.6
CES6056132057,2012,M07,2012 Jul,1384523,5357,0.4
CES6056132057,2012,M08,2012 Aug,1395657,11134,0.8
CES6056132057,2012,M09,2012 Sep,1366639,-29018,-2.1
CES6056132057,2012,M10,2012 Oct,1367369,730,0.1
CES6056132057,2012,M11,2012 Nov,1379285,11916,0.9
CES6056132057,2012,M12,2012 Dec,1394040,14755,1.1
CES6056132057,2013,M01,2013 Jan,1402104,8064,0.6
CES6056132057,2013,M02,2013 Feb,1422408,20304,1.4
CES6056132057,2013,M03,2013 Mar,1427879,5471,0.4
CES6056132057,2013,M04,2013 Apr,1436485,8606,0.6
CES6056132057,2013,M05,2013 May,1436101,-384,0.0
CES6056132057,2013,M06,2013 Jun,1448895,12794,0.9
CES6056132057,2013,M07,2013 Jul,1454871,5976,0.4
CES6056132057,2013,M08,2013 Aug,1446698,-8173,-0.6
CES6056132057,2013,M09,2013 Sep,1460255,13557,0.9
CES6056132057,2013,M10,2013 Oct,1464774,4519,0.3
CES6056132057,2013,M11,2013 Nov,1479237,14463,1.0
CES6056132057,2013,M12,2013 Dec,1479095,-142,0.0
CES6056132057,2014,M01,2014 Jan,1493147,14052,1.0
CES6056132057,2014,M02,2014 Feb,1491407,-1740,-0.1
CES6056132057,2014,M03,2014 Mar,1534718,43311,2.9
CES6056132057,2014,M04,2014 Apr,1557869,23151,1.5
CES6056132057,2014,M05,2014 May,1568627,10758,0.7
CES6056132057,2014,M06,2014 Jun,1582398,13771,0.9
CES6056132057,2014,M07,2014 Jul,1581944,-454,0.0
CES6056132057,2014,M08,2014 Aug,1600894,18950,1.2
CES6056132057,2014,M09,2014 Sep,1618044,17150,1.1
CES6056132057,2014,M10,2014 Oct,1625423,7379,0.5
CES6056132057,2014,M11,2014 Nov,1625655,232,0.0
CES6056132057,2014,M12,2014 Dec,1633947,8292,0.5
CES6056132057,2015,M01,2015 Jan,1623544,-10403,-0.6
CES6056132057,2015,M02,2015 Feb,1641604,18060,1.1
CES6056132057,2015,M03,2015 Mar,1626491,-15113,-0.9
CES6056132057,2015,M04,2015 Apr,1610190,-16301,-1.0
CES6056132057,2015,M05,2015 May,1638336,28146,1.7
CES6056132057,2015,M06,2015 Jun,1662251,23915,1.5
CES6056132057,2015,M07,2015 Jul,1667131,4880,0.3
CES6056132057,2015,M08,2015 Aug,1682173,15042,0.9
CES6056132057,2015,M09,2015 Sep,1659355,-22818,-1.4
CES6056132057,2015,M10,2015 Oct,1691004,31649,1.9
CES6056132057,2015,M11,2015 Nov,1686496,-4508,-0.3
CES6056132057,2015,M12,2015 Dec,1702422,15926,0.9
CES6056132057,2016,M01,2016 Jan,1674351,-28071,-1.6
CES6056132057,2016,M02,2016 Feb,1665844,-8507,-0.5
CES6056132057,2016,M03,2016 Mar,1666756,912,0.1
CES6056132057,2016,M04,2016 Apr,1645346,-21410,-1.3
CES6056132057,2016,M05,2016 May,1642457,-2889,-0.2
CES6056132057,2016,M06,2016 Jun,1653659,11202,0.7
CES6056132057,2016,M07,2016 Jul,1642366,-11293,-0.7
CES6056132057,2016,M08,2016 Aug,1638532,-3834,-0.2
CES6056132057,2016,M09,2016 Sep,1660179,21647,1.3
CES6056132057,2016,M10,2016 Oct,1655402,-4777,-0.3
CES6056132057,2016,M11,2016 Nov,1669276,13874,0.8
CES6056132057,2016,M12,2016 Dec,1678110,8834,0.5
CES6056132057,2017,M01,2017 Jan,1690069,11959,0.7
CES6056132057,2017,M02,2017 Feb,1689956,-113,0.0
CES6056132057,2017,M03,2017 Mar,1692860,2904,0.2
CES6056132057,2017,M04,2017 Apr,1715056,22196,1.3
CES6056132057,2017,M05,2017 May,1742563,27507,1.6
CES6056132057,2017,M06,2017 Jun,1734021,-8542,-0.5
CES6056132057,2017,M07,2017 Jul,1753063,19042,1.1
CES6056132057,2017,M08,2017 Aug,1764465,11402,0.7
CES6056132057,2017,M09,2017 Sep,1757799,-6666,-0.4
CES6056132057,2017,M10,2017 Oct,1776288,18489,1.1
CES6056132057,2017,M11,2017 Nov,1781161,4873,0.3
CES6056132057,2017,M12,2017 Dec,1775621,-5540,-0.3
CES6056132057,2018,M01,2018 Jan,1754962,-20659,-1.2
CES6056132057,2018,M02,2018 Feb,1827395,72433,4.1
CES6056132057,2018,M03,2018 Mar,1806898,-20497,-1.1
CES6056132057,2018,M04,2018 Apr,1830098,23200,1.3
CES6056132057,2018,M05,2018 May,1817208,-12890,-0.7
CES6056132057,2018,M06,2018 Jun,1833290,16082,0.9
CES6056132057,2018,M07,2018 Jul,1854440,21150,1.2
CES6056132057,2018,M08,2018 Aug,1856078,1638,0.1
CES6056132057,2018,M09,2018 Sep,1858362,2284,0.1
CES6056132057,2018,M10,2018 Oct,1886132,27770,1.5
CES6056132057,2018,M11,2018 Nov,1892230,6098,0.3
CES6056132057,2018,M12,2018 Dec,1916649,24419,1.3
CES6056132057,2019,M01,2019 Jan,1889976,-26673,-1.4
CES6056132057,2019,M02,2019 Feb,1901246,11270,0.6
CES6056132057,2019,M03,2019 Mar,1912874,11628,0.6
CES6056132057,2019,M04,2019 Apr,1934045,21171,1.1
CES6056132057,2019,M05,2019 May,1956812,22767,1.2
CES6056132057,2019,M06,2019 Jun,1974389,17577,0.9
CES6056132057,2019,M07,2019 Jul,1967081,-7308,-0.4
CES6056132057,2019,M08,2019 Aug,1999640,32559,1.7
CES6056132057,2019,M09,2019 Sep,1999872,232,0.0
CES6056132057,2019,M10,2019 Oct,1987243,-12629,-0.6
CES6056132057,2019,M11,2019 Nov,1998256,11013,0.6
CES6056132057,2019,M12,2019 Dec,2014968,16712,0.8
CES6056132057,2020,M01,2020 Jan,1992777,-22191,-1.1
CES6056132057,2020,M02,2020 Feb,2001771,8994,0.5
CES6056132057,2020,M03,2020 Mar,1947485,-54286,-2.7
CES6056132057,2020,M04,2020 Apr,1435821,-511664,-26.3
CES6056132057,2020,M05,2020 May,1532315,96494,6.7
CES6056132057,2020,M06,2020 Jun,1613883,81568,5.3
CES6056132057,2020,M07,2020 Jul,1679048,65165,4.0
CES6056132057,2020,M08,2020 Aug,1755016,75968,4.5
CES6056132057,2020,M09,2020 Sep,1779150,24134,1.4
CES6056132057,2020,M10,2020 Oct,1880355,101205,5.7
CES6056132057,2020,M11,2020 Nov,1938653,58298,3.1
CES6056132057,2020,M12,2020 Dec,2018163,79510,4.1
CES6056132057,2021,M01,2021 Jan,2080714,62551,3.1
CES6056132057,2021,M02,2021 Feb,2087300,6586,0.3
CES6056132057,2021,M03,2021 Mar,2143190,55890,2.7
CES6056132057,2021,M04,2021 Apr,2063863,-79327,-3.7
CES6056132057,2021,M05,2021 May,2106669,42806,2.1
CES6056132057,2021,M06,2021 Jun,2156273,49604,2.4
CES6056132057,2021,M07,2021 Jul,2191464,35191,1.6
CES6056132057,2021,M08,2021 Aug,2231187,39723,1.8
CES6056132057,2021,M09,2021 Sep,2301786,70599,3.2
CES6056132057,2021,M10,2021 Oct,2437916,136130,5.9
CES6056132057,2021,M11,2021 Nov,2500320,62404,2.6
CES6056132057,2021,M12,2021 Dec,2552632,52312,2.1
CES6056132057,2022,M01,2022 Jan,2611305,58673,2.3
CES6056132057,2022,M02,2022 Feb,2674453,63148,2.4
CES6056132057,2022,M03,2022 Mar,2665820,-8633,-0.3
CES6056132057,2022,M04,2022 Apr,2620900,-44920,-1.7
CES6056132057,2022,M05,2022 May,2622298,1398,0.1
CES6056132057,2022,M06,2022 Jun,2679835,57537,2.2
