Series ID,Year,Period,Label,Value,1-Month Net Change,1-Month % Change
JTU400000000000000HIL,2007,M01,2007 Jan,1017,144,16.5
JTU400000000000000HIL,2007,M02,2007 Feb,872,-145,-14.3
JTU400000000000000HIL,2007,M03,2007 Mar,1126,254,29.1
JTU400000000000000HIL,2007,M04,2007 Apr,1183,57,5.1
JTU400000000000000HIL,2007,M05,2007 May,1207,24,2.0
JTU400000000000000HIL,2007,M06,2007 Jun,1131,-76,-6.3
JTU400000000000000HIL,2007,M07,2007 Jul,1112,-19,-1.7
JTU400000000000000HIL,2007,M08,2007 Aug,1156,44,4.0
JTU400000000000000HIL,2007,M09,2007 Sep,1200,44,3.8
JTU400000000000000HIL,2007,M10,2007 Oct,1330,130,10.8
JTU400000000000000HIL,2007,M11,2007 Nov,1299,-31,-2.3
JTU400000000000000HIL,2007,M12,2007 Dec,879,-420,-32.3
JTU400000000000000HIL,2008,M01,2008 Jan,926,47,5.3
JTU400000000000000HIL,2008,M02,2008 Feb,806,-120,-13.0
JTU400000000000000HIL,2008,M03,2008 Mar,988,182,22.6
JTU400000000000000HIL,2008,M04,2008 Apr,1070,82,8.3
JTU400000000000000HIL,2008,M05,2008 May,971,-99,-9.3
JTU400000000000000HIL,2008,M06,2008 Jun,1097,126,13.0
JTU400000000000000HIL,2008,M07,2008 Jul,1039,-58,-5.3
JTU400000000000000HIL,2008,M08,2008 Aug,1059,20,1.9
JTU400000000000000HIL,2008,M09,2008 Sep,993,-66,-6.2
JTU400000000000000HIL,2008,M10,2008 Oct,1094,101,10.2
JTU400000000000000HIL,2008,M11,2008 Nov,957,-137,-12.5
JTU400000000000000HIL,2008,M12,2008 Dec,699,-258,-27.0
JTU400000000000000HIL,2009,M01,2009 Jan,727,28,4.0
JTU400000000000000HIL,2009,M02,2009 Feb,600,-127,-17.5
JTU400000000000000HIL,2009,M03,2009 Mar,775,175,29.2
JTU400000000000000HIL,2009,M04,2009 Apr,854,79,10.2
JTU400000000000000HIL,2009,M05,2009 May,843,-11,-1.3
JTU400000000000000HIL,2009,M06,2009 Jun,751,-92,-10.9
JTU400000000000000HIL,2009,M07,2009 Jul,772,21,2.8
JTU400000000000000HIL,2009,M08,2009 Aug,807,35,4.5
JTU400000000000000HIL,2009,M09,2009 Sep,896,89,11.0
JTU400000000000000HIL,2009,M10,2009 Oct,845,-51,-5.7
JTU400000000000000HIL,2009,M11,2009 Nov,932,87,10.3
JTU400000000000000HIL,2009,M12,2009 Dec,623,-309,-33.2
JTU400000000000000HIL,2010,M01,2010 Jan,685,62,10.0
JTU400000000000000HIL,2010,M02,2010 Feb,599,-86,-12.6
JTU400000000000000HIL,2010,M03,2010 Mar,886,287,47.9
JTU400000000000000HIL,2010,M04,2010 Apr,856,-30,-3.4
JTU400000000000000HIL,2010,M05,2010 May,841,-15,-1.8
JTU400000000000000HIL,2010,M06,2010 Jun,880,39,4.6
JTU400000000000000HIL,2010,M07,2010 Jul,883,3,0.3
JTU400000000000000HIL,2010,M08,2010 Aug,812,-71,-8.0
JTU400000000000000HIL,2010,M09,2010 Sep,885,73,9.0
JTU400000000000000HIL,2010,M10,2010 Oct,960,75,8.5
JTU400000000000000HIL,2010,M11,2010 Nov,974,14,1.5
JTU400000000000000HIL,2010,M12,2010 Dec,647,-327,-33.6
JTU400000000000000HIL,2011,M01,2011 Jan,718,71,11.0
JTU400000000000000HIL,2011,M02,2011 Feb,689,-29,-4.0
JTU400000000000000HIL,2011,M03,2011 Mar,859,170,24.7
JTU400000000000000HIL,2011,M04,2011 Apr,913,54,6.3
JTU400000000000000HIL,2011,M05,2011 May,900,-13,-1.4
JTU400000000000000HIL,2011,M06,2011 Jun,903,3,0.3
JTU400000000000000HIL,2011,M07,2011 Jul,882,-21,-2.3
JTU400000000000000HIL,2011,M08,2011 Aug,864,-18,-2.0
JTU400000000000000HIL,2011,M09,2011 Sep,893,29,3.4
JTU400000000000000HIL,2011,M10,2011 Oct,998,105,11.8
JTU400000000000000HIL,2011,M11,2011 Nov,1012,14,1.4
JTU400000000000000HIL,2011,M12,2011 Dec,667,-345,-34.1
JTU400000000000000HIL,2012,M01,2012 Jan,762,95,14.2
JTU400000000000000HIL,2012,M02,2012 Feb,655,-107,-14.0
JTU400000000000000HIL,2012,M03,2012 Mar,859,204,31.1
JTU400000000000000HIL,2012,M04,2012 Apr,932,73,8.5
JTU400000000000000HIL,2012,M05,2012 May,942,10,1.1
JTU400000000000000HIL,2012,M06,2012 Jun,903,-39,-4.1
JTU400000000000000HIL,2012,M07,2012 Jul,886,-17,-1.9
JTU400000000000000HIL,2012,M08,2012 Aug,956,70,7.9
JTU400000000000000HIL,2012,M09,2012 Sep,908,-48,-5.0
JTU400000000000000HIL,2012,M10,2012 Oct,1076,168,18.5
JTU400000000000000HIL,2012,M11,2012 Nov,1096,20,1.9
JTU400000000000000HIL,2012,M12,2012 Dec,724,-372,-33.9
JTU400000000000000HIL,2013,M01,2013 Jan,778,54,7.5
JTU400000000000000HIL,2013,M02,2013 Feb,727,-51,-6.6
JTU400000000000000HIL,2013,M03,2013 Mar,794,67,9.2
JTU400000000000000HIL,2013,M04,2013 Apr,936,142,17.9
JTU400000000000000HIL,2013,M05,2013 May,970,34,3.6
JTU400000000000000HIL,2013,M06,2013 Jun,889,-81,-8.4
JTU400000000000000HIL,2013,M07,2013 Jul,931,42,4.7
JTU400000000000000HIL,2013,M08,2013 Aug,1016,85,9.1
JTU400000000000000HIL,2013,M09,2013 Sep,998,-18,-1.8
JTU400000000000000HIL,2013,M10,2013 Oct,1176,178,17.8
JTU400000000000000HIL,2013,M11,2013 Nov,1271,95,8.1
JTU400000000000000HIL,2013,M12,2013 Dec,807,-464,-36.5
JTU400000000000000HIL,2014,M01,2014 Jan,811,4,0.5
JTU400000000000000HIL,2014,M02,2014 Feb,770,-41,-5.1
JTU400000000000000HIL,2014,M03,2014 Mar,979,209,27.1
JTU400000000000000HIL,2014,M04,2014 Apr,1140,161,16.4
JTU400000000000000HIL,2014,M05,2014 May,1153,13,1.1
JTU400000000000000HIL,2014,M06,2014 Jun,1097,-56,-4.9
JTU400000000000000HIL,2014,M07,2014 Jul,1110,13,1.2
JTU400000000000000HIL,2014,M08,2014 Aug,1054,-56,-5.0
JTU400000000000000HIL,2014,M09,2014 Sep,1070,16,1.5
JTU400000000000000HIL,2014,M10,2014 Oct,1387,317,29.6
JTU400000000000000HIL,2014,M11,2014 Nov,1385,-2,-0.1
JTU400000000000000HIL,2014,M12,2014 Dec,899,-486,-35.1
JTU400000000000000HIL,2015,M01,2015 Jan,919,20,2.2
JTU400000000000000HIL,2015,M02,2015 Feb,815,-104,-11.3
JTU400000000000000HIL,2015,M03,2015 Mar,1074,259,31.8
JTU400000000000000HIL,2015,M04,2015 Apr,1073,-1,-0.1
JTU400000000000000HIL,2015,M05,2015 May,1172,99,9.2
JTU400000000000000HIL,2015,M06,2015 Jun,1119,-53,-4.5
JTU400000000000000HIL,2015,M07,2015 Jul,1129,10,0.9
JTU400000000000000HIL,2015,M08,2015 Aug,1082,-47,-4.2
JTU400000000000000HIL,2015,M09,2015 Sep,1073,-9,-0.8
JTU400000000000000HIL,2015,M10,2015 Oct,1327,254,23.7
JTU400000000000000HIL,2015,M11,2015 Nov,1371,44,3.3
JTU400000000000000HIL,2015,M12,2015 Dec,900,-471,-34.4
JTU400000000000000HIL,2016,M01,2016 Jan,880,-20,-2.2
JTU400000000000000HIL,2016,M02,2016 Feb,908,28,3.2
JTU400000000000000HIL,2016,M03,2016 Mar,1034,126,13.9
JTU400000000000000HIL,2016,M04,2016 Apr,1063,29,2.8
JTU400000000000000HIL,2016,M05,2016 May,1084,21,2.0
JTU400000000000000HIL,2016,M06,2016 Jun,1074,-10,-0.9
JTU400000000000000HIL,2016,M07,2016 Jul,1103,29,2.7
JTU400000000000000HIL,2016,M08,2016 Aug,1113,10,0.9
JTU400000000000000HIL,2016,M09,2016 Sep,1107,-6,-0.5
JTU400000000000000HIL,2016,M10,2016 Oct,1351,244,22.0
JTU400000000000000HIL,2016,M11,2016 Nov,1284,-67,-5.0
JTU400000000000000HIL,2016,M12,2016 Dec,848,-436,-34.0
JTU400000000000000HIL,2017,M01,2017 Jan,888,40,4.7
JTU400000000000000HIL,2017,M02,2017 Feb,852,-36,-4.1
JTU400000000000000HIL,2017,M03,2017 Mar,1028,176,20.7
JTU400000000000000HIL,2017,M04,2017 Apr,977,-51,-5.0
JTU400000000000000HIL,2017,M05,2017 May,1122,145,14.8
JTU400000000000000HIL,2017,M06,2017 Jun,1133,11,1.0
JTU400000000000000HIL,2017,M07,2017 Jul,1027,-106,-9.4
JTU400000000000000HIL,2017,M08,2017 Aug,1054,27,2.6
JTU400000000000000HIL,2017,M09,2017 Sep,1033,-21,-2.0
JTU400000000000000HIL,2017,M10,2017 Oct,1275,242,23.4
JTU400000000000000HIL,2017,M11,2017 Nov,1350,75,5.9
JTU400000000000000HIL,2017,M12,2017 Dec,906,-444,-32.9
JTU400000000000000HIL,2018,M01,2018 Jan,944,38,4.2
JTU400000000000000HIL,2018,M02,2018 Feb,838,-106,-11.2
JTU400000000000000HIL,2018,M03,2018 Mar,1050,212,25.3
JTU400000000000000HIL,2018,M04,2018 Apr,1105,55,5.2
JTU400000000000000HIL,2018,M05,2018 May,1171,66,6.0
JTU400000000000000HIL,2018,M06,2018 Jun,1155,-16,-1.4
JTU400000000000000HIL,2018,M07,2018 Jul,1131,-24,-2.1
JTU400000000000000HIL,2018,M08,2018 Aug,1259,128,11.3
JTU400000000000000HIL,2018,M09,2018 Sep,1134,-125,-9.9
JTU400000000000000HIL,2018,M10,2018 Oct,1475,341,30.1
JTU400000000000000HIL,2018,M11,2018 Nov,1472,-3,-0.2
JTU400000000000000HIL,2018,M12,2018 Dec,932,-540,-36.7
JTU400000000000000HIL,2019,M01,2019 Jan,960,28,3.0
JTU400000000000000HIL,2019,M02,2019 Feb,852,-108,-11.3
JTU400000000000000HIL,2019,M03,2019 Mar,1003,151,17.7
JTU400000000000000HIL,2019,M04,2019 Apr,1108,105,10.5
JTU400000000000000HIL,2019,M05,2019 May,1233,125,11.3
JTU400000000000000HIL,2019,M06,2019 Jun,1227,-6,-0.5
JTU400000000000000HIL,2019,M07,2019 Jul,1270,43,3.5
JTU400000000000000HIL,2019,M08,2019 Aug,1232,-38,-3.0
JTU400000000000000HIL,2019,M09,2019 Sep,1207,-25,-2.0
JTU400000000000000HIL,2019,M10,2019 Oct,1362,155,12.8
JTU400000000000000HIL,2019,M11,2019 Nov,1450,88,6.5
JTU400000000000000HIL,2019,M12,2019 Dec,985,-465,-32.1
JTU400000000000000HIL,2020,M01,2020 Jan,1061,76,7.7
JTU400000000000000HIL,2020,M02,2020 Feb,993,-68,-6.4
JTU400000000000000HIL,2020,M03,2020 Mar,1043,50,5.0
JTU400000000000000HIL,2020,M04,2020 Apr,1023,-20,-1.9
JTU400000000000000HIL,2020,M05,2020 May,1633,610,59.6
JTU400000000000000HIL,2020,M06,2020 Jun,1554,-79,-4.8
JTU400000000000000HIL,2020,M07,2020 Jul,1326,-228,-14.7
JTU400000000000000HIL,2020,M08,2020 Aug,1354,28,2.1
JTU400000000000000HIL,2020,M09,2020 Sep,1285,-69,-5.1
JTU400000000000000HIL,2020,M10,2020 Oct,1623,338,26.3
JTU400000000000000HIL,2020,M11,2020 Nov,1517,-106,-6.5
JTU400000000000000HIL,2020,M12,2020 Dec,1024,-493,-32.5
JTU400000000000000HIL,2021,M01,2021 Jan,1094,70,6.8
JTU400000000000000HIL,2021,M02,2021 Feb,917,-177,-16.2
JTU400000000000000HIL,2021,M03,2021 Mar,1114,197,21.5
JTU400000000000000HIL,2021,M04,2021 Apr,1234,120,10.8
JTU400000000000000HIL,2021,M05,2021 May,1323,89,7.2
JTU400000000000000HIL,2021,M06,2021 Jun,1623,300,22.7
JTU400000000000000HIL,2021,M07,2021 Jul,1415,-208,-12.8
JTU400000000000000HIL,2021,M08,2021 Aug,1520,105,7.4
JTU400000000000000HIL,2021,M09,2021 Sep,1382,-138,-9.1
JTU400000000000000HIL,2021,M10,2021 Oct,1650,268,19.4
JTU400000000000000HIL,2021,M11,2021 Nov,1714,64,3.9
JTU400000000000000HIL,2021,M12,2021 Dec,1132,-582,-34.0
JTU400000000000000HIL,2022,M01,2022 Jan,1163,31,2.7
JTU400000000000000HIL,2022,M02,2022 Feb,1202,39,3.4
JTU400000000000000HIL,2022,M03,2022 Mar,1186,-16,-1.3
JTU400000000000000HIL,2022,M04,2022 Apr,1253,67,5.6
JTU400000000000000HIL,2022,M05,2022 May,1340,87,6.9
JTU400000000000000HIL,2022,M06,2022 Jun,1365,25,1.9
JTU400000000000000HIL,2022,M07,2022 Jul,1363,-2,-0.1
