Series ID,Year,Period,Label,Value,1-Month Net Change,1-Month % Change
JTU400000000000000TSL,2006,M01,2006 Jan,1402,87,6.6
JTU400000000000000TSL,2006,M02,2006 Feb,994,-408,-29.1
JTU400000000000000TSL,2006,M03,2006 Mar,955,-39,-3.9
JTU400000000000000TSL,2006,M04,2006 Apr,1104,149,15.6
JTU400000000000000TSL,2006,M05,2006 May,1125,21,1.9
JTU400000000000000TSL,2006,M06,2006 Jun,1101,-24,-2.1
JTU400000000000000TSL,2006,M07,2006 Jul,1164,63,5.7
JTU400000000000000TSL,2006,M08,2006 Aug,1311,147,12.6
JTU400000000000000TSL,2006,M09,2006 Sep,1092,-219,-16.7
JTU400000000000000TSL,2006,M10,2006 Oct,1092,0,0.0
JTU400000000000000TSL,2006,M11,2006 Nov,1021,-71,-6.5
JTU400000000000000TSL,2006,M12,2006 Dec,1158,137,13.4
JTU400000000000000TSL,2007,M01,2007 Jan,1408,250,21.6
JTU400000000000000TSL,2007,M02,2007 Feb,919,-489,-34.7
JTU400000000000000TSL,2007,M03,2007 Mar,952,33,3.6
JTU400000000000000TSL,2007,M04,2007 Apr,1070,118,12.4
JTU400000000000000TSL,2007,M05,2007 May,1094,24,2.2
JTU400000000000000TSL,2007,M06,2007 Jun,1033,-61,-5.6
JTU400000000000000TSL,2007,M07,2007 Jul,1099,66,6.4
JTU400000000000000TSL,2007,M08,2007 Aug,1211,112,10.2
JTU400000000000000TSL,2007,M09,2007 Sep,1087,-124,-10.2
JTU400000000000000TSL,2007,M10,2007 Oct,1127,40,3.7
JTU400000000000000TSL,2007,M11,2007 Nov,994,-133,-11.8
JTU400000000000000TSL,2007,M12,2007 Dec,1224,230,23.1
JTU400000000000000TSL,2008,M01,2008 Jan,1380,156,12.7
JTU400000000000000TSL,2008,M02,2008 Feb,928,-452,-32.8
JTU400000000000000TSL,2008,M03,2008 Mar,874,-54,-5.8
JTU400000000000000TSL,2008,M04,2008 Apr,1059,185,21.2
JTU400000000000000TSL,2008,M05,2008 May,980,-79,-7.5
JTU400000000000000TSL,2008,M06,2008 Jun,1068,88,9.0
JTU400000000000000TSL,2008,M07,2008 Jul,1104,36,3.4
JTU400000000000000TSL,2008,M08,2008 Aug,1214,110,10.0
JTU400000000000000TSL,2008,M09,2008 Sep,1033,-181,-14.9
JTU400000000000000TSL,2008,M10,2008 Oct,1057,24,2.3
JTU400000000000000TSL,2008,M11,2008 Nov,932,-125,-11.8
JTU400000000000000TSL,2008,M12,2008 Dec,1172,240,25.8
JTU400000000000000TSL,2009,M01,2009 Jan,1279,107,9.1
JTU400000000000000TSL,2009,M02,2009 Feb,785,-494,-38.6
JTU400000000000000TSL,2009,M03,2009 Mar,805,20,2.5
JTU400000000000000TSL,2009,M04,2009 Apr,914,109,13.5
JTU400000000000000TSL,2009,M05,2009 May,822,-92,-10.1
JTU400000000000000TSL,2009,M06,2009 Jun,756,-66,-8.0
JTU400000000000000TSL,2009,M07,2009 Jul,884,128,16.9
JTU400000000000000TSL,2009,M08,2009 Aug,887,3,0.3
JTU400000000000000TSL,2009,M09,2009 Sep,882,-5,-0.6
JTU400000000000000TSL,2009,M10,2009 Oct,820,-62,-7.0
JTU400000000000000TSL,2009,M11,2009 Nov,747,-73,-8.9
JTU400000000000000TSL,2009,M12,2009 Dec,1012,265,35.5
JTU400000000000000TSL,2010,M01,2010 Jan,994,-18,-1.8
JTU400000000000000TSL,2010,M02,2010 Feb,673,-321,-32.3
JTU400000000000000TSL,2010,M03,2010 Mar,712,39,5.8
JTU400000000000000TSL,2010,M04,2010 Apr,760,48,6.7
JTU400000000000000TSL,2010,M05,2010 May,754,-6,-0.8
JTU400000000000000TSL,2010,M06,2010 Jun,800,46,6.1
JTU400000000000000TSL,2010,M07,2010 Jul,865,65,8.1
JTU400000000000000TSL,2010,M08,2010 Aug,860,-5,-0.6
JTU400000000000000TSL,2010,M09,2010 Sep,784,-76,-8.8
JTU400000000000000TSL,2010,M10,2010 Oct,753,-31,-4.0
JTU400000000000000TSL,2010,M11,2010 Nov,749,-4,-0.5
JTU400000000000000TSL,2010,M12,2010 Dec,864,115,15.4
JTU400000000000000TSL,2011,M01,2011 Jan,1097,233,27.0
JTU400000000000000TSL,2011,M02,2011 Feb,695,-402,-36.6
JTU400000000000000TSL,2011,M03,2011 Mar,696,1,0.1
JTU400000000000000TSL,2011,M04,2011 Apr,724,28,4.0
JTU400000000000000TSL,2011,M05,2011 May,806,82,11.3
JTU400000000000000TSL,2011,M06,2011 Jun,790,-16,-2.0
JTU400000000000000TSL,2011,M07,2011 Jul,835,45,5.7
JTU400000000000000TSL,2011,M08,2011 Aug,920,85,10.2
JTU400000000000000TSL,2011,M09,2011 Sep,815,-105,-11.4
JTU400000000000000TSL,2011,M10,2011 Oct,812,-3,-0.4
JTU400000000000000TSL,2011,M11,2011 Nov,734,-78,-9.6
JTU400000000000000TSL,2011,M12,2011 Dec,897,163,22.2
JTU400000000000000TSL,2012,M01,2012 Jan,1074,177,19.7
JTU400000000000000TSL,2012,M02,2012 Feb,692,-382,-35.6
JTU400000000000000TSL,2012,M03,2012 Mar,718,26,3.8
JTU400000000000000TSL,2012,M04,2012 Apr,825,107,14.9
JTU400000000000000TSL,2012,M05,2012 May,818,-7,-0.8
JTU400000000000000TSL,2012,M06,2012 Jun,856,38,4.6
JTU400000000000000TSL,2012,M07,2012 Jul,875,19,2.2
JTU400000000000000TSL,2012,M08,2012 Aug,1021,146,16.7
JTU400000000000000TSL,2012,M09,2012 Sep,840,-181,-17.7
JTU400000000000000TSL,2012,M10,2012 Oct,862,22,2.6
JTU400000000000000TSL,2012,M11,2012 Nov,731,-131,-15.2
JTU400000000000000TSL,2012,M12,2012 Dec,945,214,29.3
JTU400000000000000TSL,2013,M01,2013 Jan,1198,253,26.8
JTU400000000000000TSL,2013,M02,2013 Feb,752,-446,-37.2
JTU400000000000000TSL,2013,M03,2013 Mar,722,-30,-4.0
JTU400000000000000TSL,2013,M04,2013 Apr,825,103,14.3
JTU400000000000000TSL,2013,M05,2013 May,840,15,1.8
JTU400000000000000TSL,2013,M06,2013 Jun,782,-58,-6.9
JTU400000000000000TSL,2013,M07,2013 Jul,920,138,17.6
JTU400000000000000TSL,2013,M08,2013 Aug,1039,119,12.9
JTU400000000000000TSL,2013,M09,2013 Sep,896,-143,-13.8
JTU400000000000000TSL,2013,M10,2013 Oct,933,37,4.1
JTU400000000000000TSL,2013,M11,2013 Nov,861,-72,-7.7
JTU400000000000000TSL,2013,M12,2013 Dec,973,112,13.0
JTU400000000000000TSL,2014,M01,2014 Jan,1295,322,33.1
JTU400000000000000TSL,2014,M02,2014 Feb,823,-472,-36.4
JTU400000000000000TSL,2014,M03,2014 Mar,868,45,5.5
JTU400000000000000TSL,2014,M04,2014 Apr,980,112,12.9
JTU400000000000000TSL,2014,M05,2014 May,998,18,1.8
JTU400000000000000TSL,2014,M06,2014 Jun,983,-15,-1.5
JTU400000000000000TSL,2014,M07,2014 Jul,1087,104,10.6
JTU400000000000000TSL,2014,M08,2014 Aug,1113,26,2.4
JTU400000000000000TSL,2014,M09,2014 Sep,997,-116,-10.4
JTU400000000000000TSL,2014,M10,2014 Oct,1044,47,4.7
JTU400000000000000TSL,2014,M11,2014 Nov,934,-110,-10.5
JTU400000000000000TSL,2014,M12,2014 Dec,1104,170,18.2
JTU400000000000000TSL,2015,M01,2015 Jan,1451,347,31.4
JTU400000000000000TSL,2015,M02,2015 Feb,807,-644,-44.4
JTU400000000000000TSL,2015,M03,2015 Mar,962,155,19.2
JTU400000000000000TSL,2015,M04,2015 Apr,996,34,3.5
JTU400000000000000TSL,2015,M05,2015 May,1016,20,2.0
JTU400000000000000TSL,2015,M06,2015 Jun,1021,5,0.5
JTU400000000000000TSL,2015,M07,2015 Jul,1112,91,8.9
JTU400000000000000TSL,2015,M08,2015 Aug,1196,84,7.6
JTU400000000000000TSL,2015,M09,2015 Sep,1043,-153,-12.8
JTU400000000000000TSL,2015,M10,2015 Oct,1015,-28,-2.7
JTU400000000000000TSL,2015,M11,2015 Nov,947,-68,-6.7
JTU400000000000000TSL,2015,M12,2015 Dec,1105,158,16.7
JTU400000000000000TSL,2016,M01,2016 Jan,1424,319,28.9
JTU400000000000000TSL,2016,M02,2016 Feb,891,-533,-37.4
JTU400000000000000TSL,2016,M03,2016 Mar,919,28,3.1
JTU400000000000000TSL,2016,M04,2016 Apr,995,76,8.3
JTU400000000000000TSL,2016,M05,2016 May,985,-10,-1.0
JTU400000000000000TSL,2016,M06,2016 Jun,998,13,1.3
JTU400000000000000TSL,2016,M07,2016 Jul,1083,85,8.5
JTU400000000000000TSL,2016,M08,2016 Aug,1187,104,9.6
JTU400000000000000TSL,2016,M09,2016 Sep,1062,-125,-10.5
JTU400000000000000TSL,2016,M10,2016 Oct,1044,-18,-1.7
JTU400000000000000TSL,2016,M11,2016 Nov,928,-116,-11.1
JTU400000000000000TSL,2016,M12,2016 Dec,982,54,5.8
JTU400000000000000TSL,2017,M01,2017 Jan,1382,400,40.7
JTU400000000000000TSL,2017,M02,2017 Feb,908,-474,-34.3
JTU400000000000000TSL,2017,M03,2017 Mar,987,79,8.7
JTU400000000000000TSL,2017,M04,2017 Apr,944,-43,-4.4
JTU400000000000000TSL,2017,M05,2017 May,1020,76,8.1
JTU400000000000000TSL,2017,M06,2017 Jun,1036,16,1.6
JTU400000000000000TSL,2017,M07,2017 Jul,1046,10,1.0
JTU400000000000000TSL,2017,M08,2017 Aug,1146,100,9.6
JTU400000000000000TSL,2017,M09,2017 Sep,981,-165,-14.4
JTU400000000000000TSL,2017,M10,2017 Oct,999,18,1.8
JTU400000000000000TSL,2017,M11,2017 Nov,965,-34,-3.4
JTU400000000000000TSL,2017,M12,2017 Dec,1096,131,13.6
JTU400000000000000TSL,2018,M01,2018 Jan,1497,401,36.6
JTU400000000000000TSL,2018,M02,2018 Feb,831,-666,-44.5
JTU400000000000000TSL,2018,M03,2018 Mar,970,139,16.7
JTU400000000000000TSL,2018,M04,2018 Apr,1087,117,12.1
JTU400000000000000TSL,2018,M05,2018 May,1026,-61,-5.6
JTU400000000000000TSL,2018,M06,2018 Jun,1064,38,3.7
JTU400000000000000TSL,2018,M07,2018 Jul,1129,65,6.1
JTU400000000000000TSL,2018,M08,2018 Aug,1336,207,18.3
JTU400000000000000TSL,2018,M09,2018 Sep,1140,-196,-14.7
JTU400000000000000TSL,2018,M10,2018 Oct,1191,51,4.5
JTU400000000000000TSL,2018,M11,2018 Nov,1056,-135,-11.3
JTU400000000000000TSL,2018,M12,2018 Dec,1195,139,13.2
JTU400000000000000TSL,2019,M01,2019 Jan,1386,191,16.0
JTU400000000000000TSL,2019,M02,2019 Feb,940,-446,-32.2
JTU400000000000000TSL,2019,M03,2019 Mar,1001,61,6.5
JTU400000000000000TSL,2019,M04,2019 Apr,1071,70,7.0
JTU400000000000000TSL,2019,M05,2019 May,1102,31,2.9
JTU400000000000000TSL,2019,M06,2019 Jun,1083,-19,-1.7
JTU400000000000000TSL,2019,M07,2019 Jul,1241,158,14.6
JTU400000000000000TSL,2019,M08,2019 Aug,1359,118,9.5
JTU400000000000000TSL,2019,M09,2019 Sep,1179,-180,-13.2
JTU400000000000000TSL,2019,M10,2019 Oct,1092,-87,-7.4
JTU400000000000000TSL,2019,M11,2019 Nov,1118,26,2.4
JTU400000000000000TSL,2019,M12,2019 Dec,1150,32,2.9
JTU400000000000000TSL,2020,M01,2020 Jan,1516,366,31.8
JTU400000000000000TSL,2020,M02,2020 Feb,1094,-422,-27.8
JTU400000000000000TSL,2020,M03,2020 Mar,2637,1543,141.0
JTU400000000000000TSL,2020,M04,2020 Apr,2066,-571,-21.7
JTU400000000000000TSL,2020,M05,2020 May,927,-1139,-55.1
JTU400000000000000TSL,2020,M06,2020 Jun,1042,115,12.4
JTU400000000000000TSL,2020,M07,2020 Jul,1140,98,9.4
JTU400000000000000TSL,2020,M08,2020 Aug,1273,133,11.7
JTU400000000000000TSL,2020,M09,2020 Sep,1045,-228,-17.9
JTU400000000000000TSL,2020,M10,2020 Oct,1148,103,9.9
JTU400000000000000TSL,2020,M11,2020 Nov,1052,-96,-8.4
JTU400000000000000TSL,2020,M12,2020 Dec,1168,116,11.0
JTU400000000000000TSL,2021,M01,2021 Jan,1458,290,24.8
JTU400000000000000TSL,2021,M02,2021 Feb,918,-540,-37.0
JTU400000000000000TSL,2021,M03,2021 Mar,1052,134,14.6
JTU400000000000000TSL,2021,M04,2021 Apr,1247,195,18.5
JTU400000000000000TSL,2021,M05,2021 May,1146,-101,-8.1
JTU400000000000000TSL,2021,M06,2021 Jun,1270,124,10.8
JTU400000000000000TSL,2021,M07,2021 Jul,1335,65,5.1
JTU400000000000000TSL,2021,M08,2021 Aug,1594,259,19.4
JTU400000000000000TSL,2021,M09,2021 Sep,1262,-332,-20.8
JTU400000000000000TSL,2021,M10,2021 Oct,1265,3,0.2
JTU400000000000000TSL,2021,M11,2021 Nov,1246,-19,-1.5
JTU400000000000000TSL,2021,M12,2021 Dec,1303,57,4.6
JTU400000000000000TSL,2022,M01,2022 Jan,1537,234,18.0
JTU400000000000000TSL,2022,M02,2022 Feb,1070,-467,-30.4
JTU400000000000000TSL,2022,M03,2022 Mar,1156,86,8.0
JTU400000000000000TSL,2022,M04,2022 Apr,1230,74,6.4
JTU400000000000000TSL,2022,M05,2022 May,1150,-80,-6.5
JTU400000000000000TSL,2022,M06,2022 Jun,1191,41,3.6
