Series ID,Year,Period,Label,Value,1-Month Net Change,1-Month % Change
JTU400000000000000JOL,2006,M01,2006 Jan,697,131,23.1
JTU400000000000000JOL,2006,M02,2006 Feb,665,-32,-4.6
JTU400000000000000JOL,2006,M03,2006 Mar,876,211,31.7
JTU400000000000000JOL,2006,M04,2006 Apr,850,-26,-3.0
JTU400000000000000JOL,2006,M05,2006 May,805,-45,-5.3
JTU400000000000000JOL,2006,M06,2006 Jun,783,-22,-2.7
JTU400000000000000JOL,2006,M07,2006 Jul,754,-29,-3.7
JTU400000000000000JOL,2006,M08,2006 Aug,829,75,9.9
JTU400000000000000JOL,2006,M09,2006 Sep,939,110,13.3
JTU400000000000000JOL,2006,M10,2006 Oct,948,9,1.0
JTU400000000000000JOL,2006,M11,2006 Nov,783,-165,-17.4
JTU400000000000000JOL,2006,M12,2006 Dec,718,-65,-8.3
JTU400000000000000JOL,2007,M01,2007 Jan,874,156,21.7
JTU400000000000000JOL,2007,M02,2007 Feb,704,-170,-19.5
JTU400000000000000JOL,2007,M03,2007 Mar,811,107,15.2
JTU400000000000000JOL,2007,M04,2007 Apr,907,96,11.8
JTU400000000000000JOL,2007,M05,2007 May,722,-185,-20.4
JTU400000000000000JOL,2007,M06,2007 Jun,782,60,8.3
JTU400000000000000JOL,2007,M07,2007 Jul,867,85,10.9
JTU400000000000000JOL,2007,M08,2007 Aug,860,-7,-0.8
JTU400000000000000JOL,2007,M09,2007 Sep,871,11,1.3
JTU400000000000000JOL,2007,M10,2007 Oct,880,9,1.0
JTU400000000000000JOL,2007,M11,2007 Nov,768,-112,-12.7
JTU400000000000000JOL,2007,M12,2007 Dec,580,-188,-24.5
JTU400000000000000JOL,2008,M01,2008 Jan,769,189,32.6
JTU400000000000000JOL,2008,M02,2008 Feb,586,-183,-23.8
JTU400000000000000JOL,2008,M03,2008 Mar,601,15,2.6
JTU400000000000000JOL,2008,M04,2008 Apr,674,73,12.1
JTU400000000000000JOL,2008,M05,2008 May,695,21,3.1
JTU400000000000000JOL,2008,M06,2008 Jun,583,-112,-16.1
JTU400000000000000JOL,2008,M07,2008 Jul,680,97,16.6
JTU400000000000000JOL,2008,M08,2008 Aug,718,38,5.6
JTU400000000000000JOL,2008,M09,2008 Sep,542,-176,-24.5
JTU400000000000000JOL,2008,M10,2008 Oct,752,210,38.7
JTU400000000000000JOL,2008,M11,2008 Nov,574,-178,-23.7
JTU400000000000000JOL,2008,M12,2008 Dec,404,-170,-29.6
JTU400000000000000JOL,2009,M01,2009 Jan,498,94,23.3
JTU400000000000000JOL,2009,M02,2009 Feb,386,-112,-22.5
JTU400000000000000JOL,2009,M03,2009 Mar,401,15,3.9
JTU400000000000000JOL,2009,M04,2009 Apr,350,-51,-12.7
JTU400000000000000JOL,2009,M05,2009 May,542,192,54.9
JTU400000000000000JOL,2009,M06,2009 Jun,429,-113,-20.8
JTU400000000000000JOL,2009,M07,2009 Jul,348,-81,-18.9
JTU400000000000000JOL,2009,M08,2009 Aug,480,132,37.9
JTU400000000000000JOL,2009,M09,2009 Sep,442,-38,-7.9
JTU400000000000000JOL,2009,M10,2009 Oct,446,4,0.9
JTU400000000000000JOL,2009,M11,2009 Nov,352,-94,-21.1
JTU400000000000000JOL,2009,M12,2009 Dec,291,-61,-17.3
JTU400000000000000JOL,2010,M01,2010 Jan,440,149,51.2
JTU400000000000000JOL,2010,M02,2010 Feb,404,-36,-8.2
JTU400000000000000JOL,2010,M03,2010 Mar,458,54,13.4
JTU400000000000000JOL,2010,M04,2010 Apr,453,-5,-1.1
JTU400000000000000JOL,2010,M05,2010 May,483,30,6.6
JTU400000000000000JOL,2010,M06,2010 Jun,452,-31,-6.4
JTU400000000000000JOL,2010,M07,2010 Jul,526,74,16.4
JTU400000000000000JOL,2010,M08,2010 Aug,504,-22,-4.2
JTU400000000000000JOL,2010,M09,2010 Sep,514,10,2.0
JTU400000000000000JOL,2010,M10,2010 Oct,627,113,22.0
JTU400000000000000JOL,2010,M11,2010 Nov,470,-157,-25.0
JTU400000000000000JOL,2010,M12,2010 Dec,381,-89,-18.9
JTU400000000000000JOL,2011,M01,2011 Jan,530,149,39.1
JTU400000000000000JOL,2011,M02,2011 Feb,581,51,9.6
JTU400000000000000JOL,2011,M03,2011 Mar,533,-48,-8.3
JTU400000000000000JOL,2011,M04,2011 Apr,636,103,19.3
JTU400000000000000JOL,2011,M05,2011 May,637,1,0.2
JTU400000000000000JOL,2011,M06,2011 Jun,643,6,0.9
JTU400000000000000JOL,2011,M07,2011 Jul,718,75,11.7
JTU400000000000000JOL,2011,M08,2011 Aug,622,-96,-13.4
JTU400000000000000JOL,2011,M09,2011 Sep,733,111,17.8
JTU400000000000000JOL,2011,M10,2011 Oct,816,83,11.3
JTU400000000000000JOL,2011,M11,2011 Nov,706,-110,-13.5
JTU400000000000000JOL,2011,M12,2011 Dec,533,-173,-24.5
JTU400000000000000JOL,2012,M01,2012 Jan,622,89,16.7
JTU400000000000000JOL,2012,M02,2012 Feb,592,-30,-4.8
JTU400000000000000JOL,2012,M03,2012 Mar,659,67,11.3
JTU400000000000000JOL,2012,M04,2012 Apr,660,1,0.2
JTU400000000000000JOL,2012,M05,2012 May,613,-47,-7.1
JTU400000000000000JOL,2012,M06,2012 Jun,601,-12,-2.0
JTU400000000000000JOL,2012,M07,2012 Jul,708,107,17.8
JTU400000000000000JOL,2012,M08,2012 Aug,798,90,12.7
JTU400000000000000JOL,2012,M09,2012 Sep,903,105,13.2
JTU400000000000000JOL,2012,M10,2012 Oct,695,-208,-23.0
JTU400000000000000JOL,2012,M11,2012 Nov,636,-59,-8.5
JTU400000000000000JOL,2012,M12,2012 Dec,627,-9,-1.4
JTU400000000000000JOL,2013,M01,2013 Jan,692,65,10.4
JTU400000000000000JOL,2013,M02,2013 Feb,594,-98,-14.2
JTU400000000000000JOL,2013,M03,2013 Mar,697,103,17.3
JTU400000000000000JOL,2013,M04,2013 Apr,833,136,19.5
JTU400000000000000JOL,2013,M05,2013 May,800,-33,-4.0
JTU400000000000000JOL,2013,M06,2013 Jun,852,52,6.5
JTU400000000000000JOL,2013,M07,2013 Jul,764,-88,-10.3
JTU400000000000000JOL,2013,M08,2013 Aug,824,60,7.9
JTU400000000000000JOL,2013,M09,2013 Sep,965,141,17.1
JTU400000000000000JOL,2013,M10,2013 Oct,951,-14,-1.5
JTU400000000000000JOL,2013,M11,2013 Nov,739,-212,-22.3
JTU400000000000000JOL,2013,M12,2013 Dec,643,-96,-13.0
JTU400000000000000JOL,2014,M01,2014 Jan,755,112,17.4
JTU400000000000000JOL,2014,M02,2014 Feb,819,64,8.5
JTU400000000000000JOL,2014,M03,2014 Mar,899,80,9.8
JTU400000000000000JOL,2014,M04,2014 Apr,994,95,10.6
JTU400000000000000JOL,2014,M05,2014 May,915,-79,-7.9
JTU400000000000000JOL,2014,M06,2014 Jun,908,-7,-0.8
JTU400000000000000JOL,2014,M07,2014 Jul,977,69,7.6
JTU400000000000000JOL,2014,M08,2014 Aug,1245,268,27.4
JTU400000000000000JOL,2014,M09,2014 Sep,1092,-153,-12.3
JTU400000000000000JOL,2014,M10,2014 Oct,1135,43,3.9
JTU400000000000000JOL,2014,M11,2014 Nov,813,-322,-28.4
JTU400000000000000JOL,2014,M12,2014 Dec,710,-103,-12.7
JTU400000000000000JOL,2015,M01,2015 Jan,906,196,27.6
JTU400000000000000JOL,2015,M02,2015 Feb,986,80,8.8
JTU400000000000000JOL,2015,M03,2015 Mar,865,-121,-12.3
JTU400000000000000JOL,2015,M04,2015 Apr,1026,161,18.6
JTU400000000000000JOL,2015,M05,2015 May,986,-40,-3.9
JTU400000000000000JOL,2015,M06,2015 Jun,924,-62,-6.3
JTU400000000000000JOL,2015,M07,2015 Jul,1307,383,41.5
JTU400000000000000JOL,2015,M08,2015 Aug,1120,-187,-14.3
JTU400000000000000JOL,2015,M09,2015 Sep,1239,119,10.6
JTU400000000000000JOL,2015,M10,2015 Oct,1293,54,4.4
JTU400000000000000JOL,2015,M11,2015 Nov,932,-361,-27.9
JTU400000000000000JOL,2015,M12,2015 Dec,843,-89,-9.5
JTU400000000000000JOL,2016,M01,2016 Jan,971,128,15.2
JTU400000000000000JOL,2016,M02,2016 Feb,988,17,1.8
JTU400000000000000JOL,2016,M03,2016 Mar,1004,16,1.6
JTU400000000000000JOL,2016,M04,2016 Apr,1103,99,9.9
JTU400000000000000JOL,2016,M05,2016 May,1045,-58,-5.3
JTU400000000000000JOL,2016,M06,2016 Jun,1052,7,0.7
JTU400000000000000JOL,2016,M07,2016 Jul,1147,95,9.0
JTU400000000000000JOL,2016,M08,2016 Aug,1115,-32,-2.8
JTU400000000000000JOL,2016,M09,2016 Sep,1201,86,7.7
JTU400000000000000JOL,2016,M10,2016 Oct,1210,9,0.7
JTU400000000000000JOL,2016,M11,2016 Nov,920,-290,-24.0
JTU400000000000000JOL,2016,M12,2016 Dec,905,-15,-1.6
JTU400000000000000JOL,2017,M01,2017 Jan,872,-33,-3.6
JTU400000000000000JOL,2017,M02,2017 Feb,939,67,7.7
JTU400000000000000JOL,2017,M03,2017 Mar,1023,84,8.9
JTU400000000000000JOL,2017,M04,2017 Apr,1033,10,1.0
JTU400000000000000JOL,2017,M05,2017 May,1029,-4,-0.4
JTU400000000000000JOL,2017,M06,2017 Jun,1105,76,7.4
JTU400000000000000JOL,2017,M07,2017 Jul,1241,136,12.3
JTU400000000000000JOL,2017,M08,2017 Aug,1357,116,9.3
JTU400000000000000JOL,2017,M09,2017 Sep,1362,5,0.4
JTU400000000000000JOL,2017,M10,2017 Oct,1332,-30,-2.2
JTU400000000000000JOL,2017,M11,2017 Nov,1208,-124,-9.3
JTU400000000000000JOL,2017,M12,2017 Dec,1270,62,5.1
JTU400000000000000JOL,2018,M01,2018 Jan,1240,-30,-2.4
JTU400000000000000JOL,2018,M02,2018 Feb,1199,-41,-3.3
JTU400000000000000JOL,2018,M03,2018 Mar,1327,128,10.7
JTU400000000000000JOL,2018,M04,2018 Apr,1508,181,13.6
JTU400000000000000JOL,2018,M05,2018 May,1459,-49,-3.2
JTU400000000000000JOL,2018,M06,2018 Jun,1487,28,1.9
JTU400000000000000JOL,2018,M07,2018 Jul,1568,81,5.4
JTU400000000000000JOL,2018,M08,2018 Aug,1394,-174,-11.1
JTU400000000000000JOL,2018,M09,2018 Sep,1657,263,18.9
JTU400000000000000JOL,2018,M10,2018 Oct,1617,-40,-2.4
JTU400000000000000JOL,2018,M11,2018 Nov,1540,-77,-4.8
JTU400000000000000JOL,2018,M12,2018 Dec,1274,-266,-17.3
JTU400000000000000JOL,2019,M01,2019 Jan,1297,23,1.8
JTU400000000000000JOL,2019,M02,2019 Feb,1128,-169,-13.0
JTU400000000000000JOL,2019,M03,2019 Mar,1213,85,7.5
JTU400000000000000JOL,2019,M04,2019 Apr,1346,133,11.0
JTU400000000000000JOL,2019,M05,2019 May,1276,-70,-5.2
JTU400000000000000JOL,2019,M06,2019 Jun,1371,95,7.4
JTU400000000000000JOL,2019,M07,2019 Jul,1406,35,2.6
JTU400000000000000JOL,2019,M08,2019 Aug,1402,-4,-0.3
JTU400000000000000JOL,2019,M09,2019 Sep,1414,12,0.9
JTU400000000000000JOL,2019,M10,2019 Oct,1668,254,18.0
JTU400000000000000JOL,2019,M11,2019 Nov,1182,-486,-29.1
JTU400000000000000JOL,2019,M12,2019 Dec,1073,-109,-9.2
JTU400000000000000JOL,2020,M01,2020 Jan,1110,37,3.4
JTU400000000000000JOL,2020,M02,2020 Feb,1061,-49,-4.4
JTU400000000000000JOL,2020,M03,2020 Mar,997,-64,-6.0
JTU400000000000000JOL,2020,M04,2020 Apr,871,-126,-12.6
JTU400000000000000JOL,2020,M05,2020 May,1009,138,15.8
JTU400000000000000JOL,2020,M06,2020 Jun,1136,127,12.6
JTU400000000000000JOL,2020,M07,2020 Jul,1422,286,25.2
JTU400000000000000JOL,2020,M08,2020 Aug,1341,-81,-5.7
JTU400000000000000JOL,2020,M09,2020 Sep,1287,-54,-4.0
JTU400000000000000JOL,2020,M10,2020 Oct,1417,130,10.1
JTU400000000000000JOL,2020,M11,2020 Nov,1132,-285,-20.1
JTU400000000000000JOL,2020,M12,2020 Dec,1120,-12,-1.1
JTU400000000000000JOL,2021,M01,2021 Jan,1226,106,9.5
JTU400000000000000JOL,2021,M02,2021 Feb,1309,83,6.8
JTU400000000000000JOL,2021,M03,2021 Mar,1539,230,17.6
JTU400000000000000JOL,2021,M04,2021 Apr,1761,222,14.4
JTU400000000000000JOL,2021,M05,2021 May,1649,-112,-6.4
JTU400000000000000JOL,2021,M06,2021 Jun,1905,256,15.5
JTU400000000000000JOL,2021,M07,2021 Jul,2097,192,10.1
JTU400000000000000JOL,2021,M08,2021 Aug,2188,91,4.3
JTU400000000000000JOL,2021,M09,2021 Sep,2096,-92,-4.2
JTU400000000000000JOL,2021,M10,2021 Oct,2196,100,4.8
JTU400000000000000JOL,2021,M11,2021 Nov,1799,-397,-18.1
JTU400000000000000JOL,2021,M12,2021 Dec,1755,-44,-2.4
JTU400000000000000JOL,2022,M01,2022 Jan,1648,-107,-6.1
JTU400000000000000JOL,2022,M02,2022 Feb,1822,174,10.6
JTU400000000000000JOL,2022,M03,2022 Mar,1945,123,6.8
JTU400000000000000JOL,2022,M04,2022 Apr,1868,-77,-4.0
JTU400000000000000JOL,2022,M05,2022 May,2108,240,12.8
JTU400000000000000JOL,2022,M06,2022 Jun,1702,-406,-19.3
